79851.0
12295160.0
4126975.0
4242223.095235909
10719765.0
1540892.1294773642
61288345.969291344
11101.71481716133
60182861.62168815
42726834.72405939
9389.02743406362
40531428.97401786
174305.0
1043533.0
303187.0
1043533.0
3928988.647329846
168728.0
9145.557292014922
3928988.647329846
10607566.751253292
73591.98995576479
33359.419289158766
2406968.854223439
266326087.0
67114.06816801317
129842.22803889551
2392250.4904811685
13746387.0
80446.57777777777
29014.222222222223
2161792.466666667
13570570.302552452
41454.43100389014
22989.243157387165
830994.1339819178
12152897.71424606
130541.89146026585
78519.0
12152897.71424606
12295160.0
69937.34345858311
67984.33414870655
1536504.1964424388
596.0
3769519.9999999995
1452892.3297651827
11101.71481716133
298131.9227472777
90051.56188967451
90051.56188967451
11102.0
89244.1345159644
11102.0
293985.27996524615
78947.06018874438
291891.80886303814
315172.02462900564
34488.66194645628
29237.241632031128
3777094.372477355
34523.77321486599
88785.02229608594
3542182.6967073386
1605160.0
29153.0
70851.0
781674.0
47719.918032786896
691.2295081967213
70851.0
27267.786885245907
171399.0
148817.0
925262.8738420198
11102.0
261976.47075081436
77739.47722529832
148817.0
925262.8738420198
1344215.4721015703
77739.47722529832
1344215.4721015703
169285.62039767773
194621.24437296408
11102.0
87257.29108037226
194621.24437296408
169285.62039767773
11102.0
194621.24437296408
42666244.91509014
10527966.40303367
66326.280259939
3725096.4444553223
54775.085785004936
28103.28731243453
8271676992.651245
2189585.6045379066
1954513.9281237614
967610.5115141824
203191728.74602067
290025.0
4879322.6320773065
89651.57992184669
79851.0
5132328.0
286405.47866056126
4879322.632077305
5132328.0
70873.4585630246
438416.79335091484
8923.391228683302
70773.68080011918
3459522.0219949204
58848.28547602131
244298.0312973327
1256627.253749178
2521891.827024441
1605160.0
34773.0
2187293.5976249976
36745.07021592576
79851.0
336826493.0676457
2521891.827024441
1605160.0
2187293.5976249976
336826493.0676457
3762607.098522448
1542911.07518102
33649.316934152725
4612936.330759572
85459.03984021718
73697.91639252544
616848747.2757188
2918273.4298729524
1321398.3175357704
3683693.7420918653
378503078.39598656
240681895.47521585
13659203.692828318
79199.40966464247
13041969.013943052
141799.03620974446
28255.28857927805
53709195742.15252
4063543.9868174787
1982163.781144604
1350905.3737522257
297782295.61480826
266326087.0
615822.871658997
39518.13931991035
531561.8742003152
71878.66891491761
651.5417604196675
2769504716.983208
601030.0404102803
40011.12550442614
29527.00871015923
4072025.8093013843
3617894.9203344695
3746410.848886616
23245.10830784998
1605160.0
34523.77321486599
79505.95214014212
717296446.2969297
3351320.1957000555
3379957.6624387163
1536485.4495726493
630863706.2342268
484657.6285910665
12391581.0
108183.25740887369
64589.132125519835
1019.632783676863
76886.70027040935
106875434.3350742
220767.87643332206
4922955.061389457
46228.29531424531
19197329.547721237
481485.2622397495
12391581.0
72423.57391071103
64166.35865136359
919.1147723589347
69860.56511838661
106175872.39347714
135068.81976835773
1645647.270843642
35200.693435826994
9075740.784810293
148891.0
1039136.0172804412
963022.0
90045.1511515603
78582.0
1295436.2722708029
1343629.6626671634
1356652.0
7265587.04740976
816019.798922775
14375422.788150525
4061439.2165994286
12068936.036315449
129776.26332387523
1017626.3202991873
41392.18396091806
78348.05250682085
395177398.4862626
4061439.2165994286
12068936.036315449
1017626.3202991873
395177398.4862626
85716298.81512354
12247355.025379654
60370.17387764496
7369599.96450557
23526.59981383298
66835.61314119457
21919285164.128506
1317554.0826260264
1063490.4834729102
588122.1074821121
57723929.134804994
10178.635980321924
49288.46425317895
4774852.8082127
66113.67905125205
10110.296716250397
4886829.327692366
704404.0142997034
731091.5326236578
4541.122358181983
1255.0431330975925
72636.2061261739
63224.18367545947
4188.355132608137
452246.7636753692
24612.95040407141
137522.6862722998
239858.1990882156
1432288.0
161648.04071589722
41444.15658202362
1151708.2829819084
238576.0369271498
158997.47181039432
1143578.6029345095
1705552.1084886785
41611.642592592594
1037070.0
70730.13911504
4919453.490651157
74565.01870763887
1426686.9189321448
137251478.4095355
951812.5814814814
1823754.5470234677
90551667.86588816
11504245.110479826
131186.66249925975
16414512.81217269
32211.942873613705
1400201.3243100347
67130.47200198975
949322.3801176781
2648845431.876971
1110526.115722083
550116.4879904697
37074621.10362582
4603081.0
5524.484434819824
5120913.506776075
11526.023663506268
1597347.019840732
9661.759135334893
117019.3926432374
695528477.7891189
78550.7648362128
152513.5652627812
2186287.266347478
77164.35422054051
133322.9731088566
1026224.551764572
929604.8021680217
9089.07511220637
81278.89180742789
56862.776341783414
79937.02844666931
72475.85490049912
1391611.581376558
124323.34385643774
595446.5428597834
430777.921137105
1205631.6537116435
1250429.3605781698
6994577.61567197
71842.89250411175
44194.98899490446
455058.93006608216
755490.1370244846
1094063.0059537024
800467.1711132898
3606455.5532466513
13284121.311032034
409001.85285952716
7684604.643500565
14222217.673883656
4376143.0
13712217.19672131
171470.0
1453964.253115192
1839148.772031485
39243.6568498611
1467623.9016393442
42167.0
34489.19672131148
822174828.4106916
3653472279.1677113
14222217.673883656
561657164.852459
4376143.0
13712217.19672131
167761359.55634704
1453964.253115192
1839148.772031485
1467623.9016393442
120819472939.00694
822174828.4106916
3653472279.1677113
561657164.852459
167761359.55634704
120819472939.00694
438474.99999999994
17931111.0
13746387.0
42044.48344652196
33904.0
63258.0
249.91891610691047
1605160.0
56870.42057670941
23196.383098442642
125020363.99999997
85855656.99999999
22149.597098449154
3126319374.9999995
599644.7201586596
867718.394738321
6790281.0
7749.980385184446
23471.620107535873
450465.585371271
23595382054.999992
1147528.9867024077
3772137.3591578584
40220546.569822095
1059309.3395697812
219785888.57969946
13407873.893361202
3644464.098360655
3736727.45494384
13880.932391967286
3710168.0446480345
4777937.629004923
71985.93160661616
1576854.3794973264
31846.41050052135
73784.05051152693
2663560723.358711
3548347786.3763075
2232115.8639879236
697848547.8089082
1576081.8410329376
850648.7176482595
619015795.3701738
1835642.4352903748
2012009.9412804977
1042398.8220031756
750184107667.9468
292511184.2314705
217794298.88906342
121795471.82482368
137875684.7434714
29338489520.859455
699712.932971878
3667598.0
3794179.0
4421.847239054547
322178.71536581696
182271.95219074277
2567.7421201915467
1605160.0
20461.837606462024
58552.289246107
151364655.21892577
134795666.0451036
42337.12503575321
726264615.9999999
233964.55091278363
89301.07014301297
33936740.379255906
99414.55889996726
45179.57304554046
318076.81537241605
35240137946.31207
5212761.371762966
1390486.3730636504
7362928.391225248
2646261.837024054
224384128.81069934
14827014.69195784
62274291.0
17373334.07485466
75838.32142857143
5149759.750265601
1451367.9769809963
33851.512406107606
5053970.8120320095
59527.78571428572
66980.48362720589
15601567274.778522
3427605906.126023
1269111.3353000518
15523893303.317146
2520069.7142857146
1392394.0727249002
783070860.335076
967017.5774105077
587539.7541321786
1149240.372140501
4354730629199.3623
135151338.36992636
56352098.000872694
106365690.66263522
38460444.50336321
7361158626.337298
1890092.1208431395
266326087.0
17956026.2459216
82367.78699934595
1537071.7732757544
184429.9376507069
3638.720294839981
16391811.714598626
148955.27699067804
69364.46228108578
8299450402.868839
459484467.1447414
222352.5079166608
80445416343.0666
4107945.481968619
1708707.7192700182
363137412.2094277
159517.28059051407
88152.37745902417
1492458.5995929064
2704679804066.9775
35562211.80057329
12140982.52725865
174049287.581257
8109608.408309392
2534300256.585056
194595.0
125880.0
10389.0
40543.8145073124
1470146.2833563301
79851.0
182350.0
125652.85849717737
5130242.462939081
10376.525621118013
4541144.684010079
1470146.28335633
182155.04736024843
184600.0
5130242.462939081
4541144.684010079
184600.0
169867.1502479199
9221.351311164522
2038.2551192055853
1040.66052839258
35801.77829021404
77463.14857112715
20186.857495904667
8935.872449213766
333230.36003543605
2003.080144774251
101103.54798087108
31716.854238032596
19669.547416818692
75296.05842656408
288396.95407897804
90066.96113766247
74999.55369128512
596.0
60627.0
55030620.99999999
4833928.267120928
150983.0
69070.10426740635
16254077.328433016
596.0
9121064.0
989017.1261650282
2839443.0
1179434.93184255
12664879455.867842
1777687.6375819368
1111441.0
484090.80350976036
1923569405.9559
165475865.91113234
72700930.32929586
596.0
90373.0
3790536.0
4919872.0
34773.0
79851.0
1605160.0
596.0
1460896.0
997861.0
3790536.0
4919872.0
655278382.0
1605160.0
1460896.0
997861.0
155458759.0
655278382.0
155458759.0
596.0
72638.16625085297
164063.26502732243
4866569.0
983.6615479322674
73670.82938861323
63701.75318761384
596.0
84774.27140255009
993224.0
82393.89442926533
1871077.1275295073
29697329.462659374
42481.37377723808
69688.48571476758
589569.3851851851
8672286.420765026
6205231.61232544
4913681.141806652
11102.0
27452418.095153935
3779495.7377214064
4850940.177268082
87384.34691133814
8281741.839865187
7533351.170517397
61857.44701781274
1597357.1514828969
34210.045174699466
77728.08361565004
26436615.12499906
3802623.319912946
4851738.359405106
11102.0
6155467149.296019
6041797826.753699
23142609.079250094
645017336.70597
3322767.699581072
4376394.9768070495
1648188788.6268642
6881068.955491464
6295250.566853575
1466016.8553247198
6178436981.38032
5900910827.310195
22101472.648382165
648607410.9781783
3343121.36678827
4366164.582779244
1685819388766.8938
4570090081.753266
4694593871.183821
506848681.1263414
1242118499.3067343
1694106985761.6182
4583495046.752221
4545770652.808298
509597818.5162607
1206506461641.8267
1211892519680.138
10010.928673822116
1538716.9412060266
782257.0800136784
451253.2611575254
8803.158591187414
4597514.538645159
5155838.0
62228.627609924195
1603027.3677392863
28487.863324978578
69964.93915138672
11378868.740182722
3307848.7739342735
3473469.138266465
9904.126117648242
319215612.1420343
250470357.61922044
458490.816445656
82655162.89055803
500274.17996133876
224560.1609176307
702395260.5092164
1440768.932129012
1400938.4585088105
735423.1301777486
2193168007.57917
2092807377.8115675
1948535.449410089
550225100.037787
1010222.7355357653
1048824.4175183936
70845112706.60843
61607297.62729704
27738798.66993442
24322411.33156644
78594876.69452274
567762835463.4404
143986690.63461798
102321456.6916938
52875019.89199627
4186656538.942394
10095200333.692415
174305.0
195285.0
963022.0
11102.0
328064.0
4919872.0
65726.12028472929
371087.0
72780.84254845834
195285.0
963022.0
5132328.0
174203.1380892939
6042051.0
371087.0
4919954.0
11101.0
5132328.0
241831.83755790294
1355123.2359313588
6042051.0
195285.0
195280.0
963022.0
962042.4107960886
1393770.9339675165
371087.0
370995.0
1391098.9339675165
1393770.9339675165
6042051.0
6041591.0
195280.0
962378.0
370995.0
6041591.0
79192.23277767659
170875.38478105958
925211.8951806806
7161.25123190042
68451.37412074428
555914.4296439236
11510.364063877789
294135.75625987083
77349.53925691004
127723.33293791696
459431.5869036126
4838360.794056598
77829.38241383542
5138405.014361051
66305.99345571615
3440011.2500559147
7141.303437554339
3471542.8531049034
64996.37153326948
451631.5033289419
1294882.4161563753
135249.14391317655
127437.54568576041
650083.8033818272
452665.4899868709
3492296.079047515
77753.11521268112
65882.51676732217
2636308.696821168
2636255.836077434
1511294.0582331507
1287758.2445073135
135249.14391317655
650083.8033818272
77753.11521268112
1511294.0582331507
5843.237972982224
30598.27881985133
46673.64943951354
7773.844880984059
46576.9514323779
357906.6886347354
8669.399650450767
371087.0
79851.0
26808.132792044278
28853.092503770396
4039311.0163515066
5840.371749616394
566386.0632059983
68724.87845735002
2266012.3554734923
7762.572664636743
2096284.6479616803
45596.218425035884
357906.6886347354
223580.88774739453
27456.628476903526
26793.110766364174
31514.618358100746
28818.598788702388
4039311.0163515066
101957.0
68514.57855788883
2266012.3554734923
2096284.6479616803
241678.55248863995
223147.7383326479
27456.628476903526
31514.618358100746
101957.0
241678.55248863995
116761.1891436646
170198.62840150596
743494.4862520464
9725.645657606281
155530.24964736606
1529898.9611752396
35936.87319039699
321540.75710164715
71752.86212368295
170197.38870611522
649376.633639818
5132185.66888564
107270.8639421195
5121883.880861382
321517.946706458
4656262.91496909
9723.548217723277
4729660.691626416
127991.59338134484
743746.101275155
5121769.828885436
170198.62840150596
170164.34411054643
743494.4862520464
608624.8134097477
1280992.0543826486
321540.75710164715
321360.8433425557
1274273.9404013413
1274897.0629623274
5121883.880861382
5119384.630293883
170193.62840150596
742396.5085139836
321448.75710164715
5121423.880861382
46212.74690491509
145155.1544247022
1025157.6893811629
13658271.576498572
168728.0
6400.167824506961
46554.66260265243
87944.69614111281
34536.89737268104
74161.04567959339
332896.34231660044
10039586.692604102
44927.29889819556
1313769.3747043568
14066781.847581666
143041.79018499033
4219422.563365398
896527.4108946372
13658271.576498568
48110.84004074409
629469.5447089712
14066273.809217973
74161.04567959339
14067788.769687114
320100.7367602097
10039586.6926041
1321576.9566667827
1284891.4360272442
14066781.847581666
4219422.563365398
629469.5447089712
629469.5447089712
14066273.809217973
440031.58534202597
1321576.9566667827
629469.5447089712
53661.9910129303
147471.01099538163
612756.1576736416
10638704.37321591
71981.3140810612
9993.037922245832
40985.30141247342
87296.87628854952
28562.016545950755
134308.2740814568
404242.8110323207
8279021.806997999
35850.29413604134
1295351.7578098238
14159772.685485987
124520.91411711297
1085169.1966088694
376947.36240833433
2188383.3944383273
78002.46327645818
1171239.4110275614
14159668.43831077
118590.84838500436
14160269.837521685
270465.9241201678
2096655.2357241975
1309523.119976651
1086294.3321951055
2225661.099364993
1085155.2702949084
1175217.7020744015
1027936.643710096
2225556.8521897756
599894.4234488697
1309509.19366269
1175217.7020744015
169578.01675213675
148817.0
761278.9577624056
13556366.718185065
168727.21702202546
10857.992136752137
87229.18977818216
87385.66827501787
34344.780553317636
144791.25606837607
750468.2984620348
13447130.807659507
151344.25333355123
1302485.3042697299
13954647.613940958
146454.3036504299
1329654.4745051132
699459.21600675
13556366.716421247
85443.58600586856
1267756.1160697388
13954571.364148196
143494.2077099025
13955758.449214555
691355.0117230474
13447130.805915315
1307858.3454925036
1285367.01169949
13954647.612153193
1329654.4745051132
1270176.0247343571
1256643.3421688362
13954571.36236043
1317076.8068508364
1307858.3454925036
1270176.0247343571
27022.460273991383
128879.46630034086
474716.58799803397
10638704.37321591
47832.02252775527
3273.651365697937
10871.35885607771
70553.45613523535
22444.48603944391
64833.66118639036
170891.32875178088
3747998.010036936
12631.831063745425
1023432.527928299
14159772.667419918
99284.69983274434
568619.3378367459
254163.70697586436
505874.2794655749
28223.54119717784
585245.5799241482
13192952.585467251
54609.35201192671
14098701.98550252
102963.70339774083
465113.5049719102
1024146.0616734253
819948.8410324535
509682.02940976375
568538.7213907507
585245.5799241482
502016.89949975436
503022.97260086494
200361.5071571932
1023907.8743799828
585245.5799241482
174305.0
195285.0
1043533.0
963008.1615198372
18121949.0
11102.0
303187.0
327151.99999999994
108149.0
371049.6486418801
1431622.85852806
195285.0
1043533.0
963008.1615198372
17982411.676292427
1930576.0
6042051.0
19350869.217211373
7280512.646079348
19355007.640777417
19354023.281343434
108149.0
371049.6486418801
1431622.85852806
4348958.189135041
1930576.0
6042051.0
19350869.217211373
7280512.646079348
19355007.640777417
19354023.281343434
67878066.0
1959022.0
6360523.135060681
26509926.794879608
4348958.189135041
67878066.0
1959022.0
6360523.135060681
26509926.794879608
72387179.08048545
72387179.08048545
101012.50450491643
178078.00380794058
811237.8682471188
743494.4862520464
12391581.0
9000.856469729755
234730.30796373182
133658.4296847693
99251.25352834226
340991.62233863014
1431667.6868413128
157963.74282187835
720763.5594785158
514313.9926819887
10741691.255749138
1757726.261204469
5383356.5849026805
19347809.141522612
5632394.345240563
19353160.55543509
19351404.998858217
87229.6700166907
132268.91842888607
960502.6094451064
3992412.2558975993
1557314.907329387
2395318.4007748086
19347337.29471762
4374067.189176548
19352946.521446574
19348074.01571622
59967548.495266154
1798960.62194798
5837980.450570365
26510442.99969889
1513995.6337296925
26964850.850807294
1586713.7680053054
2523287.9379351675
17264765.947445974
66300914.99069116
28364102.002731025
66133.74945812803
194595.0
1027328.0
925152.6659592591
17764777.870597914
9759.613755920987
74768.62166865647
55961.19134890723
108149.0
329788.25608180463
1308547.0563477124
172321.73234889645
577781.6073693162
456635.0576220525
12611994.131191451
1921668.0
5831033.785943431
19109150.143065598
6974364.01549854
19113333.58382321
19112194.471451353
95796.29580590417
160123.43755854946
536689.7297507682
3733813.252986378
1718625.5383884574
2862738.9319879813
19108256.03944136
4616508.007048783
19111981.104395635
19105989.544246104
64949516.28754745
1959022.0
5942279.541358357
24522206.935373902
1830426.0303123896
32316718.01068042
1740979.5383884574
2971188.9319879813
10635751.165197382
66190692.37418628
33513234.010680415
174305.0
195285.0
782543.4793565894
522747.0
18121949.0
11102.0
91976.0
33691.0
99702.70908684595
332043.0
243516.05946579913
195285.0
782543.4793565894
522747.0
17982411.676292427
1796666.7525994298
5844353.0
19350869.217211373
4137282.4371268554
19355003.463101193
19351891.50372792
99702.70908684595
332043.0
243516.05946579913
3130998.5986721516
1796666.7525994298
5844353.0
19350869.217211373
4137282.4371268554
19355003.463101193
19351891.50372792
54709964.44790902
1810856.5109541528
5942201.0
4690969.76236996
3130998.5986721516
54709964.44790902
1810856.5109541528
5942201.0
4690969.76236996
55476211.39906407
55476211.39906407
134785.57900228692
191861.79609537835
15989.575754420777
743494.4862520464
12145321.854913853
10777.833333333332
1042.6949469868796
319872.8333333333
5478.072475387814
371087.0
6165.685139537662
188286.71731282977
15986.491356733419
718655.7622425171
12009796.00050426
91762.89493541954
5755134.445428707
18844776.825862095
117058.8355099087
13183962.655390041
18848051.516447235
5461.496784972169
259449.83333333334
6039.627079898302
84680.24600458745
91596.56228280846
4806322.6783856405
18844776.777978964
115787.99304400048
13183766.489663225
18848050.663000803
1614440.0453326663
91762.89493541954
6360934.0
117058.8355099087
77673.81900547961
1544201.323559839
91596.56228280846
4973382.333333333
115787.99304400048
1614440.0453326663
1544201.323559839
125703.91577201977
194595.0
1024736.6980007353
36277.0
17931111.0
10360.61102484472
222360.22892158775
1916.7142857142858
108137.1581217851
13092.0
16290.0
181895.87189440994
903060.8476802795
33856.71428571429
15531587.167587467
1921668.0
242743.0
19350057.58868182
296466.0
19354934.95736379
17726574.16476455
99962.38664596273
12742.42857142857
15899.57142857143
123056.0
1786883.1692546583
235549.42857142858
19349528.407818392
291682.5714285714
19354760.486303814
17305054.62374498
2308339.0
1958891.7393396362
242743.0
296466.0
119472.14285714286
2233622.142857143
1809261.1692546583
235549.42857142858
291682.5714285714
2308339.0
2233622.142857143
128608.4216811503
1043533.0
963022.0
232772.4940903936
129534.8677304892
1427282.6819391155
39681.00570334702
1432288.0
79851.0
920375.6940889934
664457.8456124442
5129881.694957292
128307.18496399967
7280568.0
941220.6925051012
4427658.200128558
231483.54815725613
4499218.742277233
127632.92624002855
1427282.6819391155
5703589.012785109
1035702.9347109467
919202.2027658458
893826.0081046226
662075.1621307072
5129881.694957292
1305812.0264617102
932378.3694192842
4427658.200128558
4499218.742277233
6585147.484456316
5689757.495900521
1035702.9347109467
893826.0081046226
1305812.0264617102
6585147.484456316
98944.90044830312
798099.9019577045
716918.8615442405
226009.28677543183
126490.09446048815
1307643.579906722
28750.614604092774
1432288.0
64323.21290818877
710027.9864615863
527170.7983986074
5100994.858952772
91672.84842283133
5407274.784484144
943190.4446751883
4229846.80122601
187139.10124067625
4390589.687760311
95475.67130312472
409224.594471344
4507688.35146716
774790.9317080218
683739.2570123051
586191.3744043981
480332.06401654787
641820.3184598543
1288040.0
754127.9676227862
638097.2612264733
638019.849963685
4784563.768257767
4303644.636414062
774790.9317080218
586191.3744043981
1247623.286643024
4784563.768257767
127524.37056499586
782543.4793565894
953171.0
74233.75881446355
119608.38763534321
1442634.5436886349
29999.584112994977
440732.5819753762
63120.95753448782
669441.0720440137
686333.4582202605
5121579.758658121
116770.30960627494
5297752.889279704
353063.8271004599
4462620.458073246
70525.6224734131
4597703.997888428
91518.96603458025
411264.83994794375
4485090.978873513
753892.6999896772
632225.5102552765
778369.0
602012.2930426699
588608.9096775905
392107.13816182886
325702.80815049494
585059.0824845542
584914.6902244859
4754576.453930771
4181850.090631857
753892.6999896772
778369.0
390595.46456023044
4754576.453930771
68191.62475207291
1043533.0
522747.0
80795.5575873463
25981.703432683084
410769.66047777387
9412.413348367441
329586.0
77396.15814459468
597187.5737708202
400476.2429353389
4441796.472455059
67323.54397036854
5242969.0
250956.4336468555
2947882.3958389387
78403.69173190603
3017944.6230535763
25688.59369701069
361686.434077418
4000056.4864109377
904945.3566678397
591913.8427130798
458870.0
394968.81286167074
3682907.171879003
282426.0
249362.7315916869
2560334.6169256354
2552059.7750776233
4422233.0
3967447.2130006263
904566.3935271704
458870.0
282426.0
4422233.0
69739.04985552846
1043533.0
963022.0
83258.32123091075
80428.09161396284
443093.94556815637
9999.394912362655
1432040.0100558493
79851.0
608281.2666506963
581201.9474824149
4638097.460854238
69312.89101410913
7280568.0
742135.1989801372
3190105.4096451984
81897.9606623996
3741593.185710835
78619.79716610613
443093.94556815637
5947543.512307586
913284.5953277979
605215.7355219802
790768.7887014583
578386.0448178749
4638097.460854238
1303461.094867006
732539.0620653396
3190105.4096451984
3741593.185710835
6918337.190655596
5931474.396174315
913284.5953277979
790768.7887014583
1303461.094867006
6918337.190655596
69307.94295413981
811237.8682471188
743494.4862520464
92016.74181134345
77897.1826304664
574968.8643521382
9205.20701875484
1432243.171686747
63783.8
534804.7351480017
425702.9878803624
4788957.027319124
61973.31180096912
5632394.345240563
646786.2772581177
3435829.7450314965
73842.23183460812
3848815.9131432553
54130.854689277694
191419.3526258298
3749338.5465303618
782129.3195213944
498573.8404249741
555190.3730081315
384251.60505252454
670579.1336935157
1164379.7718785505
498011.1243197165
661038.8112474905
642571.0485259814
4494998.467700277
3549069.7021926935
732778.9697717023
530519.5619720541
1132607.6946494728
4396321.476240524
15505969.4161353
159259.7652325666
39940.644412075184
13072600.446614709
43049415.20653888
132712.0
89010.08488581062
43049415.20653888
262547933.99999997
76209.12931414737
148845.5374070602
3275809.9420151357
266326087.0
82322.25655866115
156310.53439854254
4005989.4142841157
13711162.282360196
163993.14790458063
34423.94553753601
12466143.47325662
13843926.51986437
171145.64859486502
34595.69364638791
13757279.784077859
743494.4862520464
68815.0
134887.0
328064.0
287349.40603756584
743494.4862520464
60654.42630590052
287349.40603756584
17928039.344576683
96618.99808253997
73554.0
3028314.493172078
12152897.71424606
130541.89146026585
78519.0
12152897.71424606
54788366.80523629
146409.35586585753
58118.42045179237
2180305.5406088624
50958536.02711992
212415.98596819764
84236.75801303463
32302806.584280707
54030612.13995585
187559.61541100402
73480.14592930692
11427546.490951404
302848.75896126206
52933.95286224258
278407.0228128994
3178316.6538430825
34773.0
46103.727834293444
3178316.6538430825
3790536.0
33758.71301350966
84843.56449147992
2855673.4712342317
1043533.0
963019.0852152966
174305.0
1432156.4637157484
303187.0
327888.0
7280556.340861186
1043533.0
963019.0852152966
1432156.4637157484
7280556.340861186
795765.8937033052
711023.3233049042
132119.2997245217
1298904.4233055585
297712.08842080657
262116.0
5366062.263606725
795765.8937033052
711023.3233049042
1298904.4233055585
5366062.263606725
3946615.3471006993
13746387.0
163965.44574089264
684728.0746622444
9028.571205268096
34522.49172728443
1084864264.0802732
3595928.2378219506
12491092.944309857
666731.3297555199
950563604.4834523
16379919.30104646
13844652.08714806
151028.86609541636
2014678.1675879008
41424.2413620804
33831.89712882452
4206313774.0825562
11431007.10342547
9342679.219452607
1771460.4549490346
2375483163.6550484
11898509.366304252
10719765.0
58573.0
1918198.6936633938
32645.66771425685
25686.0
2883433930.980358
970653.367977857
1253245.0
640566.0903733671
96645880.56842744
124498.51945321323
963022.0
122891.09809386208
38976.74353935898
573244.9616792521
124274.14595331655
121189.27576578317
572268.4075468013
131229.3864883838
716918.8615442405
273368.5283878735
85637.92370783238
606000.7929890165
131226.14240423247
269737.45638988365
605875.1507106886
161406.6908777803
1548074.0047460431
41317.86684340178
78519.0
4687248.373203014
158819.859591977
1548074.0047460431
4687248.373203014
2013564.5912236236
1605160.0
30039.0
1577379.2880951143
37724.2139593718
72324.0
250245167.7846602
1215470.0483712887
875619.9999999998
870151.362587631
81138490.9817614
264198588.05889294
13862946.0
71923.69846513576
14136114.941843186
138027.48681158866
27457.045226926748
58905992722.086685
3181462.5306383334
1659822.8901607615
1184298.2156581667
228925068.6548304
167111550.40439397
10638704.37321591
89882.3103800446
14226948.999999998
185374.10644288
31891.01682835127
39250165398.48673
9695976.993677318
3909902.380892141
2569475.460846561
1083832173.151447
61879485.80367886
13650140.988996675
72166.31341401109
4603081.0
59616.86780206921
28419.934653876353
12045893960.492926
3193741.205347144
2033413.75876707
1415678.4215056205
316896852.6890068
3516688.4221643023
3652322.7058010283
24157.868039278565
1528143.3409125607
33680.128627600105
77583.78186778734
660326048.907101
3516688.4221643014
3652322.7058010274
1528143.3409125607
660326048.9071009
3617894.9203344695
3746410.848886616
23245.10830784998
1605160.0
34523.77321486599
79505.95214014212
717296446.2969297
3351320.1957000555
3379957.6624387163
1536485.4495726493
630863706.2342268
127300.24460960629
811237.8682471188
743494.4862520464
134887.0
78120.43515771264
60934.653323639126
9792.7839054045
1431712.2123493976
303187.0
326887.0
1140033.8020805577
1058466.822520202
127300.24460960629
5632394.345240563
811237.8682471188
743494.4862520464
629453.0042619882
78120.43515771264
60934.653323639126
1431712.2123493976
11197170.543353248
1140033.8020805577
1058466.822520202
5632394.345240563
629453.0042619882
11197170.543353248
137797.6203321251
811237.8682471188
743494.4862520464
134887.0
84567.41027474045
68568.1074085728
10420.036522510709
1432288.0
303187.0
328064.0
1248114.055628795
1183661.0075551886
137797.6203321251
5632394.345240563
811237.8682471188
743494.4862520464
719547.758377433
84567.41027474045
68568.1074085728
1432288.0
12586355.31715738
1248114.055628795
1183661.0075551886
5632394.345240563
719547.758377433
12586355.31715738
134005.2992475414
1039009.5850621321
963021.532379518
174305.0
80463.74393799619
69873.3068277286
9932.95144026358
1320883.0651986676
272924.58235216496
327650.0
1207972.43930142
1223553.6799941566
134005.2992475414
7267315.777619359
1039009.5850621321
963021.532379518
724684.7254548315
80463.74393799619
69873.3068277286
1320883.0651986676
12956153.564811608
1207972.43930142
1223553.6799941566
7267315.777619359
724684.7254548315
12956153.564811608
125653.4202254629
1043533.0
963008.1615198372
174305.0
76078.64925889192
62011.48548290919
9461.077513769525
1431622.85852806
303187.0
327151.99999999994
1129035.880282551
1096382.4629353147
125653.4202254629
7280512.646079348
1043533.0
963008.1615198372
646427.1199276157
76078.64925889192
62011.48548290919
1431622.85852806
11689441.098279547
1129035.880282551
1096382.4629353147
7280512.646079348
646427.1199276157
11689441.098279547
262547933.99999997
17931111.0
67235.77563499448
16636565.0
135015.21573445637
67554.4985358126
80323294119.99997
2554621.571927953
1208049.835885513
1156712.0152229248
103587046.52439801
59953663.37938691
17905050.56737969
92078.38120387743
4919899.060359248
65149.76753693869
71087.62975904785
15153350188.113485
6662057.543267296
2478614.8202336216
1789236.7496555983
483925886.1845511
261070654.77111325
17444279.789682858
84621.62979446344
16090251.540978653
161499.0528022615
69407.98136374928
77636735904.34236
4766133.515304155
1878843.7357031272
1643670.2294224089
220281668.93864742
22566454.750735477
1477270.0
2685.8888888888887
16471203.083245635
166124.78662640142
72733.33333333333
7412169786.043726
383890.9555555555
124520.82222222222
1961067.7968410307
27937088.088888884
233130.31694086269
1299761.715565694
123006.0
31550.152353268462
930969.8196682824
201065.76941007448
95585.91574055553
773746.4424207852
229850.87635438112
1369812.2325638584
157158.0459773475
36819.28492873443
1104099.5341320417
215798.84453757043
130982.54325180303
1001761.2213174617
10947310.832470546
29711.144444444442
7766617.0
37931.498941654805
1820266.4502495036
69921.58888888889
1392779.37224225
2148845580.3882055
926518.0888888887
779304.5108303647
75394057.36264402
54149272.99008633
259004.9469639095
16539784.000000004
88465.49695948594
4887629.579367194
79505.95214014212
48982286.8491182
12827898741.061884
14896064.305790275
4641097.744720467
11216917060.395393
2084493.3760143232
58889.05380209683
4788640.845608608
10156.715329906438
598539.952313538
69367.73222367917
508138.3842020738
345063891.07558924
1292478.8571001375
256022.37194261365
27956890.05983822
40267678.205809765
272833.0
16539784.000000004
46913.05536514404
3599664.482703795
79851.0
40267678.205809765
9668092086.438168
16539784.000000004
3599664.482703795
9668092086.438168
3775804.49826628
260948.2998435376
16636565.0
9898.884475071682
443592.41473930073
79505.95214014212
3400325.166560863
911227267.2986008
14977597.394679163
425415.9146224876
791376716.5842857
14192544.315915933
155269.33987662697
16394917.0
28973.242499786567
1594081.758515716
70028.18153449253
1509585.849415948
3223865288.357524
1623602.4712561786
753301.1963187661
82052003.9312605
1475597.7032757844
28361.408884168966
1035102.4179907567
18012.20718241756
1594947.4050587406
52473.36300812944
199813.66511490208
94351245.63745524
314939.2142286366
232716.7974034882
4148481.856720509
14226948.999999998
277348.0
16636565.0
34773.0
1605160.0
79851.0
14226948.999999996
3269419431.9999995
16636565.0
1605160.0
3269419431.9999995
70856.90829630307
119343.04335564893
811237.8682471188
742288.6354805998
8828.609738952571
96700.25674867592
99362.00691597312
72556.52141446725
58077.429216796954
1311054.0
117995.55070255225
549158.8975607255
547177.4039645145
1065009.8746027518
1011872.4040466305
5622559.533912336
70321.36497957358
57803.262357805215
835516.2785986234
602264.2583351184
1053384.5489011523
1010517.098317711
5002606.850432675
10692037.103784125
599979.0982149583
10680161.759656195
77164.35422054051
133322.9731088566
1026224.551764572
929604.8021680217
9089.07511220637
81278.89180742789
56862.776341783414
79937.02844666931
72475.85490049912
1391611.581376558
124323.34385643774
595446.5428597834
430777.921137105
1205631.6537116435
1250429.3605781698
6994577.61567197
71842.89250411175
44194.98899490446
455058.93006608216
755490.1370244846
1094063.0059537024
800467.1711132898
3606455.5532466513
13284121.311032034
409001.85285952716
7684604.643500565
125608.3270762515
148817.0
1027328.0
925291.0
11048.680073103707
234501.48254612583
121724.27686795335
90053.0
77741.0
1311054.0
148000.9793829479
905334.217911313
673132.9100449655
1342794.0
1344220.0
6975330.0
89456.30618116996
67799.88770956089
928938.1956242518
809096.0
1333238.1855258262
1199882.8965843609
5794445.422850268
14237237.0
683968.3432339211
12384567.908816477
171399.0
179300.86390394106
1026698.973472357
60922.76593554019
10186.0
298004.24401064165
99251.25352834226
179300.86390394106
1026698.973472357
61690.887139921986
1769792.37237638
113666.2247580727
352893.53905284125
99251.25352834226
1769792.37237638
113666.2247580727
352893.53905284125
1035354.428704275
1035354.428704275
1628686.56177731
22589868.60423421
82503.10145340032
4666.970762788493
12951191.514173118
105521.2661711763
38880.21703119283
529214.5685829036
179942.39390169433
1017.2291323324604
5745656288.803479
20083284.733598817
733207.074946157
225226022.2326875
3365895.3865730464
51126.3117703094
164913759.2187406
4250105.276622873
84006.56033381436
166306.33854105836
84151020297.25221
779771038.6675195
8305205.868622902
27369395.496796984
34586903.2567533
7926496651.080661
14836324.857643846
60788152.542799234
584392.6539960903
45076.0
5067869.041305241
97005.41020040923
27543.998161780164
199373.86112620268
42262.451091576215
492.7981548770014
15368710133.667477
192514326.99480706
309720.6034644761
582654099.2654707
497342.2173832122
17700.21671006591
51523499.828636855
363962.20217850356
11860.13456106466
15187.22879599906
252421773361.78873
14210551.865173258
1153359.6892665757
1539533.472427083
655756.9879426952
133846775.47056621
266326087.0
17668771.091108132
618905.3032677082
65002.85247565965
16000879.489105036
534222.5469333801
127286.23587636444
63894.4036502769
64676.56710241924
829.9861928130598
78930386862.39946
2783367159.0472813
2190448.350141192
150017393.482402
1071699.1275910898
90670.80824101655
128993953.82711785
1057339.383174783
61204.22718602027
27661.88923229287
905783003035.9131
80324145.20157653
15353716.391099887
5018841.642264764
3293457.6751859244
1047682376.4986873
4908189.666877355
165407307.22446322
12391581.0
15731.0
5051264.536650166
566101.9356061028
5054.380135470159
16374444.369330192
22368.750890708863
34199.0
18666057461.170994
1124970441.473153
32266.72458750353
49159289047.00319
85639.0
139077.0
1236534156.1767952
38909.47920111868
55803.92341692775
140848.0
6064094909565.179
385320.8085017897
457096.4564817107
1008881.0
554820.83946935
6391081.571434356
167456.26603420737
169562359.0
12391581.0
132712.0
163203.65205004983
24451.692786191867
725.6326082819746
16636565.0
277348.0
79851.0
559375064.3570982
32601416.92482536
167456.26603420737
50642752427.0
169562359.0
12391581.0
35202130.83606352
163203.65205004983
24451.692786191867
16636565.0
168941338423.19528
559375064.3570982
32601416.92482536
50642752427.0
35202130.83606352
168941338423.19528
4131763.5015252074
259387511.15013093
17757080.403058697
73414.3725606453
3426090.719274375
408808.7602316301
8137.579100254396
16636565.0
142933.01247799888
68967.39280639298
17992216679.92046
1012370049.2800694
544080.4672233186
79386639336.72034
3826443.4504149207
1530624.4137250558
820985206.079412
382041.39208333334
198344.1846237621
1349054.123389302
5949638647865.172
125400511.68731514
33614359.293009214
213248688.03530464
21443675.723505948
11543700683.43159
154407.80989899655
138839.9133141726
7216.895706640646
39224.56968489803
1452221.0433693167
79851.0
126862.91091277754
138324.71783770155
5132171.981691364
7213.964717050787
4380429.205934398
1452221.0433693167
126785.17596432798
134398.53713745784
5132171.981691364
4380429.205934398
134398.53713745784
596.0
89895.03853329012
3780496.882074284
4850940.177268082
34773.0
78519.0
1597778.0
596.0
1458586.2886481064
991148.7127918693
3780496.882074283
4850940.177268081
645185935.5714711
1597778.0
1458586.2886481064
991148.7127918691
153964179.3549832
645185935.571471
153964179.35498318
170538.0
176313.05692550537
963022.0
7617.107007690753
265538.0
4724502.44377174
88253.0224699176
342875.9533389551
77832.24632086558
134955.55904257327
751300.0
5017361.716834222
170515.74634376698
5632056.907861348
77002.79364032831
4713732.7313772235
7610.769134154303
5017361.716834222
262141.4534205349
4724502.44377174
1472667.055162016
140195.64970186612
134844.33522893966
792481.0
750764.8490350368
5017361.716834222
86300.97941756868
76803.85404089821
4713732.7313772235
5017361.716834222
1648275.8804622674
1469149.9079484702
140195.64970186612
792481.0
86300.97941756868
1648275.8804622674
58102.065945680835
170232.56416438514
811237.8682471188
743494.4862520464
12278316.271604896
132712.0
8897.66044292456
79554.26191788202
62879.34996346671
95062.82813501635
321403.54166768264
1429322.9239389992
78118.7065608858
157074.32786753777
497514.731548873
406545.0646670528
8731642.493194507
86273.41247382332
1686887.6617506614
5126589.5581734385
19067192.433206763
159523.4923322879
5632394.345240563
19071993.585217707
710574.340731371
19070500.041464075
601428.0617776465
12278316.271604896
87035.9397251114
165714.66166217776
598510.8557213518
3764703.634361345
1560699.036078726
2982117.801281909
19066401.01999033
150307.25666578166
4012020.7128010327
19070648.666862644
447427.804082623
1253107.9848910463
346200.3674918513
8731642.493194507
57190248.64495544
1720389.4907619376
1537433.0637700772
5499725.505904316
4002687.3423925564
19067192.433206763
26485875.035045587
4213608.218707959
19071993.585217707
19070500.041464075
1832761.0910726434
32586264.062675267
1584412.2744972596
1466192.2367124246
3093638.606483543
2719724.008657495
19066401.01999033
11842936.68304314
3249383.179758985
19070648.666862644
19063766.22819423
62425388.23576567
41205782.38923948
1720389.4907619376
5499725.505904316
26485875.035045587
33810250.00737846
29258540.233139437
1584412.2744972596
3093638.606483543
11842936.68304314
62425388.23576567
33810250.00737846
173640.28820370403
179982.86390394106
1043533.0
963022.0
18121949.0
171470.0
9309.159520403313
302100.5983954616
305243.629281985
99251.25352834226
340991.62233863014
1432288.0
79851.0
164479.18059898284
1036963.7737385343
871150.2972381026
17950058.55657089
160065.84974890528
1778656.37237638
5620127.783928846
19350829.790226873
174302.72958589275
7280568.0
19355007.640777417
909807.4741590971
19354023.281343434
771777.8370290213
18121949.0
89771.70792746417
156160.78875354663
1304460.3646423782
3992412.2558975993
1611504.2895959555
2853611.4201361337
19350318.247767933
161543.37687504312
6240255.929390615
19354936.034237135
907249.7807057374
5465347.953459412
735724.9163407118
17950058.55657089
63253976.19677533
1798960.62194798
1693819.1982125023
5837980.450570365
4731948.403897453
19350829.790226873
26517082.0
5461080.027603665
19355007.640777417
19354023.281343434
1715416.5551705193
30803594.589432966
1626500.8989155223
1573205.712444947
2927200.547704915
2738165.1159644364
19350318.247767933
24217073.23003083
5063746.514280159
19354936.034237135
19353285.47341067
66300914.99069116
49282637.98557411
1798960.62194798
5837980.450570365
26517082.0
31613164.99268956
29340102.08444082
1626500.8989155223
2927200.547704915
24217073.23003083
66300914.99069116
31613164.99268956
115767.62300400675
186005.52342470214
798082.1499572318
716918.8615442405
12247355.025379654
130541.89146026585
10806.073667625795
237952.06694653913
164013.31210770874
105579.4364423391
358717.136032112
1411177.6651538038
79851.0
186005.52342470214
772293.0456841304
629165.7083255805
11985267.122781392
120751.91160948877
1839870.0043662384
5426775.514631526
19347167.4175281
168672.39337258326
5407257.032483672
19352995.179733396
700268.1265377987
19350550.94686702
585111.2584118102
12247355.025379654
105579.4364423391
358717.136032112
1146066.8459178782
4203394.983472702
1839870.0043662384
5426775.514631526
19347167.4175281
168672.39337258326
5273496.024916833
19352995.17085404
680482.7341920619
2873236.4916523485
513358.49858726375
11985267.122781392
59682020.32281356
1909930.1946818717
1618801.4442281618
6137168.495420121
3955529.317953607
19347167.4175281
26106887.01236411
4087280.8437902313
19352995.179733396
19350550.94686702
4203394.983472702
59682020.32281356
1909930.1946818717
1618801.4442281618
6137168.495420121
3955529.317953607
19347167.4175281
20807428.242417574
3985851.3013782753
19352995.17085404
19350545.415935982
69752856.78319015
40627171.46191568
1909930.1946818717
6137168.495420121
26106887.01236411
69752856.78319015
40627171.46191568
1909930.1946818717
6137168.495420121
20807428.242417574
69752856.78319015
69752856.78319015
83294.55037224703
179300.86390394106
1027328.0
925158.3595958885
17144089.890318602
168728.0
10105.908192460629
96439.91328960993
98308.43621542971
99251.25352834226
308044.34112085926
1309420.8271421778
75934.11761651181
178600.08529900093
654163.7094809602
661351.8586451209
13185589.731972491
123986.96297311928
1769792.37237638
5410531.282091225
18382014.557349376
172909.0163911762
6974623.48066115
18385714.871978026
897333.2022508765
18384886.648219384
749199.5503475941
17144089.890318602
98646.45490884902
307948.3884312016
829516.4155703823
3506656.8699774053
1765552.9527380844
5409628.961113402
18381975.981327314
172319.9049059174
6088116.25044748
18385638.846929632
582865.4032301183
1979544.8944212925
524782.5399316805
13185589.731972491
60336836.18207436
1798960.62194798
1676979.6732309232
5503332.4991971385
4577306.051473633
18382014.557349376
24543757.082492188
5291857.885464524
18385714.871978026
18384886.648219384
3505690.980911135
60330611.40650386
1794576.2141733808
1673201.9624273258
5502430.178219316
4576564.278772406
18381975.981327314
16701987.163455894
4552199.896739575
18385638.846929632
18383097.062979866
61401960.01792508
47391404.061005935
1798960.62194798
5503332.4991971385
24543757.082492188
61395735.24235458
47387205.191291355
1794576.2141733808
5502430.178219316
16701987.163455894
61401960.01792508
61395735.24235458
143820.9932347231
1043533.0
963022.0
241248.71379676147
166092.2045395408
1578593.224487227
36150.81994756329
1432288.0
69184.66666666667
979842.2275775105
821098.3202898261
5056862.894226125
132737.5642421379
7280568.0
1161530.6829727187
4580722.552367918
220164.34767925183
4699330.540865677
132892.6672208014
686769.5592964238
7019209.148816076
1043533.0
941141.1939072281
963022.0
767604.1902139541
1066549.4942261248
1432288.0
1031675.1220871785
1063144.585451562
1062921.8711977662
7280568.0
6817148.506088578
1041170.7593482917
953991.8843017553
1383708.3220912311
7251798.5164348185
143368.7038680922
142060.8455823952
727714.8641466037
963021.532379518
10614.109843943566
59718.95022575054
163989.3745483104
41284.85932437664
84292.8045350016
72711.20698092366
369002.2305137999
142060.8455823952
674462.2937481676
819688.4942028917
142554.5753478146
1259202.682483638
1268375.5854967576
5060091.269771968
84292.8045350016
72711.20698092366
10614.033315432853
332486.89053620695
59552.82532756982
160050.37236400245
660164.0314676843
1259202.682483638
1268375.5854967576
142060.46293984164
4852451.520133963
671860.5278690347
816040.3391088431
12005177.262973124
660164.0314676843
84291.7430552993
72704.16635793797
331629.5233932236
12005177.262973124
1259197.3750851264
1268340.3823818294
4843766.650232578
660066.3753350723
12004688.982310062
171399.0
142783.63934801146
1025520.034841401
929613.0
10592.088780682967
289217.26993796485
323468.551944726
88631.57563992307
86558.59897780491
76472.55277355618
1366296.1208919822
142783.63934801146
1025520.034841401
929613.0
171399.0
1296694.1988084721
1309868.6791991421
6992274.779494383
86558.59897780491
76472.55277355618
10592.088780682967
1366296.1208919822
289217.26993796485
319454.7757837295
798418.4670206779
1296694.1988084721
1309868.6791991421
142783.63934801146
6992274.779494383
1025520.034841401
929613.0
13937376.117727894
798418.4670206779
86558.59897780491
76472.55277355618
1366296.1208919822
13937376.117727894
1296694.1988084721
1309868.6791991421
6992274.779494383
798418.4670206779
13937376.117727894
