79851.0
12029558.0
3936570.0
4018726.3489689557
10535179.0
1028906.4177326594
59711027.36463124
11102.0
60665445.0
39597334.77499383
9389.02743406362
40332274.0
174305.0
3627810.0
303187.0
3627810.0
1371956.1228659058
168728.0
11551.533083750446
1371956.1228659058
3441095.073139549
88611.48326574708
36465.74165243786
2721205.6598152434
263652113.0
75827.62172732022
130406.9884176141
2808203.084040275
13752013.0
83818.91111111111
28314.666666666664
2378362.0
13583924.936598994
55845.48581204437
23279.86959143604
1305115.5991058869
11873614.062517086
130550.03905854427
78519.0
11873614.062517086
12029558.0
74124.74520983802
68499.27455164968
1983162.4350031312
596.0
3670802.0
2399098.9982134188
11102.0
298131.8211102369
228300.0
228300.0
11102.0
88698.34632003258
11072.246756331977
294002.6395577742
77521.68343871368
293173.7270028722
324273.5463653119
34433.768519678095
33176.64355196017
3682949.7701961263
34466.642735042726
88199.77975695922
3419123.514235027
1596558.0
31467.393518104083
74059.51791287246
997155.1746388595
44327.21311475409
730.4049707878874
74059.51791287246
28583.289368927697
171399.0
336941.0
921814.7809911675
11102.0
261978.36331701197
75717.0
336941.0
921814.7809911675
1852354.0
75717.0
1852354.0
169285.6203976777
286625.67409167683
11102.0
85887.58733070378
286625.67409167683
169057.72434430523
10705.519354480934
282004.4238197282
39571821.93992347
10337415.806640528
71458.41240922523
3628128.272736051
55954.34233725547
27772.37564309835
7932196010.019556
2504805.6230887366
2262836.1797321644
919280.5367089941
162536482.51016057
289737.0
4622537.76106106
89647.7311938731
79851.0
4865774.0
279247.76285399235
4622537.761061059
4865774.0
93286.24079013166
372061.03413333365
12465.838351293458
72806.55446051987
1841828.2893520966
79326.35402216912
340226.6053619936
1491698.0714761089
2316274.432658581
1596558.0
34773.0
2107596.650859231
36717.674915131
79851.0
307480124.250984
2316274.432658581
1596558.0
2107596.650859231
307480124.250984
3675251.274350691
1536106.1506277386
33461.448882118464
4364794.56680795
83635.15288707473
73339.14827648122
582388768.7250646
2758900.1190818185
1302506.9570592884
3279394.53128791
339541802.5951356
236895413.90759227
13685912.524602357
95834.92233764203
12950459.231511563
159107.35384901142
30521.51415098377
53384539858.99774
9279099.391407123
3358700.120799671
2138990.3068544865
691984382.705564
263652113.0
618133.1382478905
56042.53485947677
527114.4497537529
73991.22935160574
681.133972175879
2757521348.5700235
1219159.1999887838
63296.85934265225
32183.529549493178
5480612.340567792
3329947.959468349
3562728.1671774494
22813.718725343315
1596558.0
34466.642735042726
79376.70085470086
669815965.2988191
3043785.383880847
3151663.5614531934
1522465.1863247862
581699914.1179109
479124.907518657
12128502.0
114780.74543448846
60014.10903472421
1034.9152526246255
77753.55114597069
101369376.56267565
297104.42676258413
7001342.201000072
46708.83378243503
40757531.45897725
475137.8714610383
12128502.0
75385.80373043194
59412.57484576576
890.4019593871974
70226.96255322552
100604376.45937714
133376.8189554554
2051139.5347811203
29965.92366300647
6070463.297770308
336998.0
3611160.637060525
953634.0
227862.11326813628
75717.0
1166208.5331359033
6967813.265362725
1858679.0
18677779.8891472
1407270.8317034068
37163193.63406814
3862363.7504616203
11784323.28323553
129792.81583936054
971806.1618962524
41392.49881996187
78348.05250682085
268218798.314067
3862363.7504616203
11784323.28323553
971806.1618962524
268218798.314067
75991615.33803882
11962700.34675709
66215.89103642426
6882053.624729484
24303.469731965528
67871.93969198024
19991047148.892273
1930119.4161921046
1616548.2117169688
636066.9948800621
68263138.30744506
10185.804753708757
54735.463878110335
4503683.425207441
69155.21601239599
9727.388635121188
4865774.0
1015974.7912950993
1053988.5371058644
6190.9635514912625
1385.5341259815089
43468.95566794219
66980.87327817544
6118.322940128533
395223.19529663847
32409.603034690066
291463.6558213149
303187.0
1454281.0
197096.88329694374
41522.989515610505
1454281.0
302160.5493158526
168694.67429895088
1339715.9940591617
1708790.1857903097
41278.445061728395
990790.0
70008.47255576708
4638319.654765886
74077.34458867967
1333976.0262572053
114342436.67757088
888085.3913580247
1720546.1892643739
64418357.04016746
2815486.7677192134
146291.30961795067
16197602.596038785
37206.11239930053
917198.1955470463
71156.91133889242
1390078.61036863
249866096.53111514
1595171.5921150288
758847.6012821404
58317417.97650889
4315774.0
5857.894056059457
4729598.643069735
17164.135865873486
1589167.832347438
13333.724054367165
218842.12956169626
638418875.6947855
116573.43993556566
299888.0533655405
5469067.805137146
156652.02664020925
297103.46342295094
3566906.3614728553
922073.5528455285
9376.779867742225
186402.29774095438
56647.91494831961
201981.33270332383
69860.27914396262
1344065.4604461123
289474.6340988182
3307472.788772854
689139.8684369789
6158731.144236522
1698251.7994525228
18720397.9952061
194886.81610673532
43166.98457660673
905934.8957356366
1328419.0487652523
6031989.354960322
1262709.8684017975
15024646.620817382
34339031.742733456
922952.6252315413
27321372.994582538
4697355.820899839
4141115.0
13709595.229508195
171470.0
1279480.1856029148
1162270.3072345734
38471.36469850465
1361486.081967213
42167.0
34489.19672131148
380542342.4073429
577168581.5424364
4697355.820899839
446773472.0163934
4141115.0
13709595.229508195
118265418.41595061
1279480.1856029148
1162270.3072345734
1361486.081967213
51975667206.788216
380542342.4073429
577168581.5424364
446773472.0163934
118265418.41595061
51975667206.788216
427637.0
17749969.0
13752013.0
56646.46762267874
32207.0
54129.0
243.513535957638
1596558.0
58710.37321226975
23491.465441559514
120909481.00000001
75848743.0
24330.466836517902
3025153307.0
1190634.5376374768
1338431.1228324878
5573318.0
6871.026663198024
21942.51187099901
514929.50668000197
22469736931.0
890622.3465575738
2392750.3449067026
42200644.76104927
687789.1806275308
98201331.7451944
12230564.733122526
3356041.081967213
3549075.6199922618
17552.143385406027
3618953.249749866
4509667.585587955
77641.18635951611
1568663.2926866761
32889.60948399728
75248.04145248025
2526482759.47458
3296594367.5762043
4570070.282459511
650329369.8231225
1910870.4796548912
1485458.4899229247
583757943.1621624
2287495.3359241355
2720452.889424573
1196260.998271803
732124834470.8414
719032530.0950196
858924739.8437926
216501184.70835358
224638191.02314174
171144107312.4268
241866.34169191518
3379467.0
3610340.0
6576.593537041989
254141.73128639074
114106.07268017749
3414.026447027195
1596558.0
22530.065498270214
61073.35455358046
28454782.724889074
15098903.83182724
121017.83173613992
678882074.9999999
505842.1076165229
182457.3254104048
10720124.964262877
168776.9528594105
72743.94447779932
476787.84806402284
2388472140.910315
9882785.093590233
3800176.923071117
15494407.236987345
4405654.695424814
349364493.8515893
3971957.147573416
60019048.0
17211034.9439412
86246.90935917375
2234330.705757483
948174.4141189384
38817.18679355876
4662058.736491405
64945.32246271576
68681.62847953524
1281403333.4066572
295055854.09393466
2475022.2935908986
14640969194.630741
4781243.713488601
2387053.087157157
147162603.70437
1451463.5855978183
780800.6988771823
1421713.2910532947
169952619585.98236
338230633.09539104
98916074.38200806
204712879.94139034
60557872.12879063
17560881307.55772
661505.5796179478
263652113.0
17794946.612415407
93139.2218041915
476893.31865448784
157405.1277200939
5235.3176507729695
16181048.951570611
158116.2005813485
71216.38604985218
506200165.61944735
52503728.669497564
429031.6170456873
79276560916.37979
6845871.581549222
2777980.250832282
48187856.84850025
231363.95053331257
132232.51796800556
1856845.9090636007
112311963912.61768
62448319.93464586
17874851.444905236
345071680.4811263
10839957.509365056
3679455526.5332255
286598.0
171286.31611475023
10767.011093671561
40550.0
957058.0
79851.0
283303.620727562
170698.20330954925
3228989.2846910404
10286.939110250187
2544862.205504038
957058.0
273342.0458973302
284972.0
3228989.2846910404
2544862.205504038
284972.0
250758.34691964037
35071.94843474059
2762.227674060015
1087.1577764488393
30484.099309464178
77308.37038767051
85733.37962553692
34306.805651736446
873606.8187038829
2753.954913682252
200885.88264152582
29817.90980315547
85466.07601579912
149624.82631373563
852590.6103665336
196468.54884238009
149325.53054040333
596.0
70110.58223317337
54102484.99999999
4547058.993808432
173489.8735838109
72220.13658106352
16046478.793868463
596.0
23927974.271566413
2160601.6203788333
7913593.627670818
1823282.8849097125
12116556110.28907
3165114.266796273
4739459.413658214
1081820.5777255376
5168745843.872639
883548558.2569786
494820157.6179372
596.0
90373.0
3694306.0
4638519.0
34773.0
79851.0
1596558.0
596.0
2410787.2368825846
2184387.2703785193
3694306.0
4638519.0
618108260.9999999
1596558.0
2410787.2368825846
2184387.2703785193
306601721.3301212
618108260.9999999
306601721.3301212
596.0
74073.97370958261
158259.79963570126
4581287.0
992.0537707916376
74156.78337448559
59153.25136612021
596.0
110487.64834654177
2173259.546050367
81610.95425052656
2010328.0390593763
27742264.207650267
39231.26031992324
78456.67300450394
1178191.2083793245
13829900.163132004
5149756.412283462
4885557.507024175
11102.0
23759249.736573752
3684976.0144135533
4566924.776066176
87101.15234176679
7827911.607799469
7034267.753039355
60163.63337777923
1589056.953313253
34207.34738941733
77706.53984584173
23854471.057702437
3698933.755271084
4794123.0
10662.31245569076
5900178606.530925
5289881575.394402
18569761.607619833
608544954.1180065
3179646.9513885207
3958737.340211224
1568681336.0374813
6348810.801583251
5631785.220667371
1448956.138644081
5924965278.08158
5312561904.04705
18641113.99804858
611229096.5519576
3191285.9209175776
4145948.0126926913
1645728119056.236
4277880600.5682297
3846044630.6008434
465896316.0724342
1155655151.6829
1653071401332.4763
4295237030.743791
3862096334.716102
467926013.0909716
1162577401391.042
1167709503258.5813
10186.0
827563.7750362038
648732.1628982096
379235.9577313636
12608.126318735722
4308706.617846386
4773277.0
73229.71655767733
1593699.8256777108
31327.37307912738
73907.89285554772
5119290.0095292255
1714540.0150373485
2152783.3960699756
9761.068149170977
98165966.36659107
61036708.64961517
657670.734152532
33392248.66475709
608245.596708066
340065.36655483954
644930104.8957077
2274347.3560206816
2159411.7502916884
982345.0956863471
417857836.7354767
439796202.09444696
3483516.029288019
129095627.76899554
1377111.907407408
1594896.372924322
9358772188.2748
76624712.52911212
37844183.75990642
27024244.78688412
150229529.60495025
50673312836.36873
259311818.11570248
206658575.69165152
78344480.42451248
5612146713.568464
21309297188.298885
174305.0
287391.0
953634.0
11102.0
328064.0
4638519.0
68136.8645416632
350547.0
73426.48571819803
287391.0
953634.0
4865774.0
173958.7312136492
6504503.0
350547.0
4865774.0
10670.75322404816
4865774.0
251877.74557296254
1552069.4997846321
6504503.0
287382.00782268576
281776.2035995282
953284.9400260756
904968.7015182409
1591236.4973502457
349267.1134289439
241528.18384620023
1591236.4973502457
1591236.4973502457
6500663.340286832
5267467.550234616
287382.00782268576
953284.9400260756
349267.1134289439
6500663.340286832
158301.89233729104
252464.5727167664
921814.5556375199
7242.675261376999
67535.89868074309
341459.541438348
11671.44232681868
302650.15208038606
77237.85600553978
208075.93182146753
712879.8588943125
2765827.4578384417
157149.74249893962
5616510.84411798
65131.87063978752
2058844.3437203031
7064.208809184421
1603267.298406725
64670.12599027635
331555.4002194317
1666078.337481752
214293.14076117653
205035.21764568752
768530.758359279
700595.3332618224
2341329.6806282434
77414.61498796949
60641.99428462325
1908257.9684690644
1536151.2581173962
1860274.4266887994
1589637.3883188777
214293.14076117653
767749.1632622168
77414.61498796949
1860274.4266887994
8268.552076703614
74231.28174907976
46241.457309293524
8255.694375833828
60934.42259750222
314003.6909756358
10960.89179232805
350547.0
79851.0
70712.23859238534
38875.38665944196
2658958.431672162
8259.95480395446
777905.856612056
75644.74369461184
1938672.6002664259
8066.503613061802
1446925.5853335503
58674.89457393027
314003.6909756358
432667.78648483916
70778.41265162632
70531.83070391486
38978.53155314185
38574.527059642154
2658958.431672162
96825.0
70469.64401970134
1938672.6002664259
1446925.5853335503
435056.1424021161
426251.2869902146
70778.41265162632
38978.53155314185
96825.0
435056.1424021161
134886.38468334812
251595.24370814674
736212.5834748282
9723.530976333657
190734.95953317
1019392.8452933107
39181.5307222253
303799.32556300826
72799.49928337532
251589.81482959315
735950.0822918366
4364401.009003226
134574.55816123047
5527200.9364815485
302791.4044623159
2895350.953431213
9312.15244376467
2386347.0233707875
157896.92227272637
828771.0635540152
5524884.914254159
251585.80036588496
245967.67706496097
735755.971949881
694791.466603651
1473109.733165001
302046.0824516102
202801.23406187646
1454681.514915214
1443226.6421822982
5523172.297718825
4373333.507048054
251585.80036588496
735755.971949881
302046.0824516102
5523172.297718825
74973.56876702653
328842.61460479384
3564107.86951861
13682382.550451806
168728.0
5768.457126097135
118435.77308302175
222513.12878212752
34596.84789156626
179344.21811351104
1589590.002254829
9852966.467867812
73695.15567138893
6806160.564672504
13907777.568524092
327785.9333070513
8869617.367398772
3453480.6026095096
13682382.550451802
125053.46915635437
3884080.0812328537
13907777.568524092
179344.21811351104
13907777.568524092
1564420.9084909058
9852966.467867808
6810024.564672504
6792749.458247526
13907777.568524092
8869617.367398772
3884080.0812328537
3884080.0812328537
13907777.568524092
3711972.3846898973
6810024.564672504
3884080.0812328537
127531.19485516842
336338.8888423438
2054924.6083999383
10449800.693433227
86633.03761624586
10542.664768978613
65951.61902547478
224130.4907518396
30865.703436652075
327202.96044983005
2018108.7109371326
10338823.718357192
84879.78473129119
6898797.929367517
13979020.0
332540.60638294404
2142007.5340445163
1660151.9151272702
3659748.236845853
218541.26367788273
6799615.06296517
13979020.0
327151.8920750654
13979020.0
1639630.9735639147
3652352.8476189435
6900654.782609707
6877470.513667157
3827172.8595074005
2142007.5340445163
6799615.06296517
6798644.763844642
3827172.8595074005
2050370.300319803
6900654.782609707
6799615.06296517
169637.74100806314
336941.0
2632637.600756293
13573999.793278804
168727.99999045033
10865.368421052632
87249.44740196926
226155.01497214928
34411.488407382094
333019.3684210526
2621662.114446653
13498936.64586043
164678.94267264364
6938405.095330548
13794036.939881247
335793.3187020594
2709541.732226207
2602745.737825658
13573999.791369382
223797.21683510602
6895421.172493447
13794036.939881247
332753.5349089551
13794036.939881247
2593622.6932260185
13498936.643966356
6939600.051568864
6930455.26627116
13794036.93794762
2709541.732226207
6895421.172493447
6893290.120032335
13794036.93794762
2698327.2546689026
6939600.051568864
6895421.172493447
39417.68177920321
303098.24224646715
1326018.064136762
10449800.693433227
61376.68256195363
3060.8573368925636
12920.946453903662
197845.98886968743
25320.645613739696
92978.3962130023
391847.8003095712
4949727.068650749
21547.297385931568
6133135.160731153
13979020.0
299758.97634324257
1326018.836075624
1123491.565950296
1623545.511953969
72461.36593732134
2208696.191119099
13979020.0
92978.3962130023
13979020.0
391847.8003095712
1421362.6909160502
6133135.160731153
6119536.3243281
1633597.541939959
1326018.836075624
2208696.191119099
2208696.191119099
1633597.541939959
391847.8003095712
6133135.160731153
2208696.191119099
174305.0
287391.0
3627810.0
953632.6018824622
17959086.0
11102.0
303187.0
327152.0
218089.0
350541.8735690277
1454276.8056473862
287391.0
3627810.0
953632.6018824622
17906557.83255315
5852372.0
6504487.6207070835
19845997.236660544
19423938.416942157
19923079.0
19817738.17118757
218089.0
350541.8735690277
1454276.8056473862
5839714.86212125
5852372.0
6504487.6207070835
19845997.236660544
19423938.416942157
19923079.0
19817738.17118757
116227882.58636375
5875440.0
6655582.6207070835
40266242.41694216
5839714.86212125
116227882.58636375
5875440.0
6655582.6207070835
40266242.41694216
118196842.58636375
118196842.58636375
134166.16855226952
262286.6124339724
2808805.9347626884
736212.9018095229
12128502.0
8990.200970616192
301644.64322055975
168228.0752803606
200098.81965173065
322074.92773378425
1454278.7506775067
242136.47407025116
2798260.1922398787
655133.4734172557
12051063.291624432
5350391.256594026
5797044.080225179
19826917.006132804
15060062.940411786
19901497.360721547
19805869.61143271
182204.56771869858
127929.72565425781
1295875.7020977847
5371327.450536061
5020635.418065559
2780889.90040508
19824152.2032642
13790035.338640459
19900845.221676193
19800170.656377167
104294235.94700089
5388636.407742431
6116026.968574019
40266248.25203252
2326634.099583635
52564301.38962393
5041055.952256795
2857859.606202814
37436295.40191321
108739515.52800527
53564907.56499447
160722.15826051048
286598.0
3569824.0
921805.4376889917
17586777.065354507
10056.512758886956
196117.5461880349
74369.80253576991
218089.0
349562.27152630297
1448733.6280867355
268390.7772724055
3379653.030456097
827387.4932352377
17506822.32903483
5841530.0
6338543.814578909
19586076.377777394
18887293.939200923
19662308.22121444
19557984.420356724
202009.19797825278
160956.6257335038
1143336.4032830424
5830898.443736726
5535824.93781548
3389016.2196476515
19583361.643051345
17363907.663020257
19662308.22121444
19552583.37935195
113718095.33121018
5875440.0
6652643.814578909
40216421.08939853
2827145.608855009
62422089.12418373
5552048.93781548
3450168.2196476515
32561084.005030043
118170393.33121018
63217065.12418373
174305.0
287391.0
2697228.4043528237
757101.1907346651
17959086.0
11102.0
91975.99999999999
33691.0
205685.43937893916
213576.50876744464
418517.6214366597
287391.0
2697228.4043528237
757101.1907346651
17906557.83255315
5647381.5456999745
4590575.218026762
19845997.236660544
11621807.299604114
19923079.0
19817121.522676293
205685.43937893916
213576.50876744464
418517.6214366597
3518892.3982957397
5647381.5456999745
4590575.218026762
19845997.236660544
11621807.299604114
19923079.0
19817121.522676293
80404858.14838548
5651636.491114984
4590575.218026762
11815700.345175296
3518892.3982957397
80404858.14838548
5651636.491114984
4590575.218026762
11815700.345175296
80404858.14838548
80404858.14838548
134771.69428017642
285041.4310198276
32115.458003390428
736213.4760917854
11878852.347944327
10674.0
1042.3767653363561
319401.5
8910.148315228791
350547.0
5250.130645153773
277754.73539734527
32102.11328475461
709631.6597698622
11827948.538942821
265760.0287264156
6195750.046573957
19299509.58817224
144175.99489089646
16651266.274804436
19278462.193472143
8864.138709964293
229993.0
5068.338955387852
83634.79501351326
264594.1142952028
4535918.9090198185
19298405.370147068
141048.7922678379
16650863.09127487
19275969.871899154
2028878.6901472362
265760.3004419838
6655598.0
144186.54239522415
71521.12648569614
1772216.4805807518
264594.1142952028
4764176.0
141048.7922678379
2028994.712694841
1772216.4805807518
171232.24748245953
286598.0
3566517.8199996734
61795.09190259517
17749969.0
10705.849796244258
283642.0096638107
2150.983574830929
217588.570909249
28201.586333432446
45036.71992450436
281521.0238189788
3564085.048069958
61664.631558748995
17692013.55782091
5838764.630887736
722485.2370331931
19842697.872586213
1313132.153679861
19923079.0
19775552.1577709
211709.18380116532
27450.729759391223
44830.235249532714
550856.2212724001
5749736.094971851
715193.4142790709
19842648.79725428
1311146.1225615228
19923079.0
19775358.984957315
14742587.157693816
5869712.014301488
722485.2370331931
1313132.153679861
539214.0754928091
14627032.671843067
5774860.094971851
715193.4142790709
1311146.1225615228
14742587.157693816
14627032.671843067
173976.29107272823
3627810.0
953634.0
302433.10733839
167514.0053011297
938117.5519896774
39705.73232075859
1454281.0
79851.0
3622811.99240815
901388.5699051097
3340358.502963656
173163.08497118467
19423951.0
1354048.2302380197
3074676.0635899506
301005.9853666078
2169964.034818344
154064.62126780523
938117.5519896774
18586172.834273253
3626682.16189715
3611168.3653301746
934168.1814081902
844454.5793471336
3340358.502963656
1408354.2234561583
1277240.9357219827
3074676.0635899506
2169964.034818344
19114335.999578536
17732258.22572799
3626682.16189715
934168.1814081902
1408354.2234561583
19114335.999578536
132510.8072972169
2762086.851194438
711238.5694041156
302615.67427833076
159912.4653102188
866312.4166277862
33303.258052615805
1454281.0
66747.74865665764
2760640.5222515813
691535.3751784043
3129465.9783922047
132061.42432904552
14595770.29880631
1368699.317430144
2924832.046410871
301019.38808975776
2078420.6720210072
131666.24437739962
591228.4855957557
14272283.525925674
2761736.5631041233
2753678.77546127
702532.2193470125
650439.2213690998
863974.4500798037
1416867.6029148498
1279007.2725604705
863519.8405162306
862786.5105452654
14463336.88473081
13605772.857682064
2761516.443865549
699941.5852314845
1406363.7624507244
14429658.641228946
174099.86206339655
2697228.4043528237
953374.9053242145
91939.16000228871
173214.95727107648
944151.6043121358
35823.23251079713
437965.5794659215
66328.0149319149
2696724.826607577
914133.6847100368
3216995.481107994
173266.4517267031
11925395.650195394
426614.200493798
2992868.2757475562
91770.48866350926
2182518.241470918
142770.51843779418
640724.9713021545
11788822.14121034
2696996.4228873947
2693374.310746147
939978.0
850819.8444403792
852012.2486952301
428648.83367351326
408476.87628015643
851479.5582101343
850619.7641340627
11838681.623312492
11404319.165912429
2696996.4228873947
933818.7998506117
428648.83367351326
11838681.623312492
163440.19461113494
3627810.0
757101.1907346651
199105.02965011998
30108.760421493756
350237.7973840638
12097.652286913903
700437.6272038949
77058.95814263509
3436735.3951321924
715825.6455248259
2678533.6577659384
162358.99252382934
16057671.919333471
641635.5516930323
2485800.591540601
196119.24571118582
1713948.5740225632
29516.08822742711
343384.1750084298
15378022.04591959
3618516.0371106504
3418660.107589933
736047.1006377665
705904.2066064837
2497769.269866928
680942.5821014015
633060.544821339
2351744.2181781535
1663624.3543171794
15658763.622635044
15233884.683820508
3618472.717902722
736047.1006377665
680942.5821014015
15658763.622635044
164872.94295458606
3627810.0
953632.254167438
201795.72715507197
105373.64341658383
374056.05801266007
12748.120855492009
1454275.762502314
79851.0
3458032.9731825492
944200.1971220241
2742353.874465235
163692.43758833944
19423935.28750694
1309426.8263842443
2546414.1975719677
198816.48272171002
1884008.8517583632
82655.02498851295
374056.05801266007
19254158.26068949
3627802.6427640156
3439242.9017270207
953283.6699158153
872165.5298944731
2742353.874465235
1453230.009747446
1171572.2882627135
2546414.1975719677
1884008.8517583632
19420798.029242337
18136933.12697208
3627802.6427640156
953283.6699158153
1453230.009747446
19420798.029242337
131441.10601962614
2808805.9347626884
736212.9794994552
195477.7520939068
74532.22876821557
339101.9164182424
10320.534258388769
1454279.0549698796
64642.399999999994
2750989.76932884
618475.4418250548
2711997.5954860556
127666.9234186075
15060063.639621176
1071721.9499794107
2507835.589607202
184409.023138204
1659267.0124128347
60878.86975266745
229997.0674937131
13228781.54310428
2796486.6067097937
2682718.140466535
644448.0689707741
599174.5209720959
790299.6950321553
1291126.1993653201
1011470.819623044
790008.3635627283
758717.4112748367
13682769.586740501
12878795.337100703
2794466.3528946945
639858.6509241678
1280742.1135374913
13594088.59710003
4944197.847548163
156746.5538214938
40229.903124156575
4616423.723177729
40043923.71511577
132712.0
89016.6299718528
40043923.71511576
259883543.0
86054.29107904538
153943.35634685302
4910688.326533344
263652113.0
90753.37673877753
160882.54280847005
5800382.442031387
13726525.36436566
161897.4153846154
34356.087031634364
12381224.166966077
13854540.769647695
171008.0623367611
34690.23178944147
13761050.200015416
736213.4760917854
77705.28188199812
134887.0
328064.0
379020.7713409418
736213.4760917854
76920.09246211415
379020.7713409418
17746603.88873788
117722.6031716072
75743.49011117224
6125723.8751361165
11873614.062517086
130550.03905854427
78519.0
11873614.062517086
53882692.13199781
169688.93156668096
68413.60995599527
6847741.388037265
50394335.12431882
210173.9350706065
82571.70955561247
28348904.53680352
53011274.99308606
186167.4410884187
72338.76978426645
9842764.38286224
303186.65071810083
54097.32406635754
302208.3839861863
3486675.3056227514
34773.0
46133.41535236889
3486675.3056227514
3694305.9999999995
33613.70793290744
83034.44604779396
2689280.8236696688
3627810.0
953633.8410117435
174305.0
1454280.5230352303
303187.0
327888.0
19423949.569105692
3627810.0
953633.8410117435
1454280.5230352303
19423949.569105692
2752247.737171587
705329.1743858769
132132.3117161977
1392429.5579371585
297712.08842080657
262116.0
14489708.900780732
2752247.737171587
705329.1743858769
1392429.5579371585
14489708.900780732
1374144.2949182107
13752013.0
161864.0011754522
583926.5667129717
11464.368571452476
34465.18006025474
163794899.9653568
1349829.447160726
12397393.065202866
582653.7718386999
159667201.33482218
5145502.9448267985
13848747.381777108
147765.0564903152
1232328.1371972777
41908.284733341665
33731.7644008533
635673236.9175851
4506919.5674395645
9158228.87772163
1206153.6762154729
492718326.5130536
3776450.0
10535179.0
64907.0
1150818.0
35855.0
25792.0
377645226.0
1493936.0
1721022.0
645983.0
82827037.0
171458.83414734775
953634.0
150102.18254394268
38693.12902737866
773055.2477361028
170824.77116467615
144960.33266060814
756243.4218746496
131336.75043663726
711238.4476285997
278495.60041116993
85640.24314415282
608871.886918389
131090.3542717848
269167.43257911806
599964.8553831042
196755.73602277233
1029325.0072629077
41282.03484680041
78519.0
2375308.0089427787
168607.8590708683
1029325.0072629077
2375308.0089427787
1233095.687073123
1596558.0
32166.531886387642
1049324.832307773
41389.53328340354
75099.49605524397
78408127.03642143
1165893.024925073
1081409.2966417673
957012.7930149828
64437223.42016177
261446031.6451784
13867626.0
93325.03212799379
14049929.522379845
156710.53189204773
30109.990129042155
58388428489.63243
7746982.875764497
3123392.1439774046
1933091.8371328588
576660098.7028341
165280561.99420458
10449800.693433227
93511.39086843423
14140993.999999998
191327.15092743878
32027.48570252792
38495025520.632416
14559371.614615586
4132699.235645976
2977889.870229276
1184221468.0244954
59603922.407583885
13649980.024482874
79391.8306452941
4315774.0
60685.78592428021
28097.671035313564
11508499573.662386
3709558.9268222777
2331939.5118306847
1300181.5652561467
253014353.89209616
3228392.014458897
3464130.342516061
24154.262880135684
1521841.06325803
33681.91873367722
77583.78186778734
612614453.6189075
3228392.0144588966
3464130.3425160605
1521841.06325803
612614453.6189073
3329947.959468349
3562728.1671774494
22813.718725343315
1596558.0
34466.642735042726
79376.70085470086
669815965.2988191
3043785.383880847
3151663.5614531934
1522465.1863247862
581699914.1179109
299490.81377836224
2808805.9347626884
736209.1581609147
134887.0
201411.36107514804
58420.77529952938
9792.783905404502
1454264.0877259036
303187.0
326887.0
6187242.7710683895
1496609.9976344581
299490.81377836224
15060029.24757431
2808805.9347626884
736209.1581609147
1163368.6692845584
201411.36107514804
58420.77529952938
1454264.0877259036
30945342.316586323
6187242.7710683895
1496609.9976344581
15060029.24757431
1163368.6692845584
30945342.316586323
317379.8057100811
2808805.9347626884
736213.4760917854
134887.0
214703.30151142724
65881.86194735032
10420.036522510713
1454281.0
303187.0
328064.0
6573069.502952389
1657415.844200225
317379.8057100811
15060068.108952146
2808805.9347626884
736213.4760917854
1300822.25923097
214703.30151142724
65881.86194735032
1454281.0
34113080.72020535
6573069.502952389
1657415.844200225
15060068.108952146
1300822.25923097
34113080.72020535
301836.12484676397
3627284.99999997
953630.7266566264
174305.0
204620.2354873286
67537.50014722622
9932.951440263587
1363166.4080950306
272924.58235216496
327650.0
6254853.889008883
1672364.818614416
301836.12484676397
19403630.539907776
3627284.99999997
953630.7266566264
1315399.1478290977
204620.2354873286
67537.50014722622
1363166.4080950306
34107154.895796776
6254853.889008883
1672364.818614416
19403630.539907776
1315399.1478290977
34107154.895796776
288688.4296395192
3627810.0
953632.6018824622
174305.0
194899.3949654338
59626.67991491473
9461.077513769527
1454276.8056473862
303187.0
327152.0
5976512.817483114
1523578.431355548
288688.4296395192
19423938.416942157
3627810.0
953632.6018824622
1178202.6021132986
194899.3949654338
59626.67991491473
1454276.8056473862
31320853.16565151
5976512.817483114
1523578.431355548
19423938.416942157
1178202.6021132986
31320853.16565151
259883543.0
17749969.0
87860.14939056264
16425601.0
151424.54565044132
71538.79220444597
79152410729.0
5749218.461659342
2531457.726304119
1693400.4038262132
281734644.36187476
57901796.014857374
17745851.44230541
93597.70777306514
4542495.867099755
64586.728888746344
70972.77013691558
14295796375.075312
6419883.765322917
2849529.9805640625
1633446.9080188926
337940548.07319015
258416140.6450503
17275745.592371255
91055.29042048613
15881574.025747389
167750.14323717263
70216.24569489388
76462860518.996
6297616.4196018595
2663990.203050265
1799869.5445822773
289448555.39535797
22370790.015909836
1408229.0
2498.244444444444
16254480.237268219
165580.16266941943
72399.88888888889
7264755859.780199
289897.19999999995
100625.2222222222
1812866.777777777
16454361.266666662
297875.8983936579
1393770.7159726433
179000.47574319688
37283.41412812042
1343356.0968610651
296730.79002581304
149237.18809025473
1267351.654972315
286731.34538303164
1405295.0167656264
194197.40084324544
40578.18389190443
1404327.529369465
285603.60102774913
163838.40505584923
1283285.5217624637
5258524.87868947
29455.877777777776
7261982.0
40372.69344827956
1368252.8370824216
70034.85555555555
1257311.5928615555
825735618.37468
877338.4555555554
829992.4629608144
55310132.35830506
53126476.96231592
256083.33646634786
16325379.0
87862.22286540142
4602920.086018791
79376.70085470086
46582365.079909936
12267176773.052744
14390617.878632482
4283054.694167297
10494151532.73568
768976.9313273608
59427.33810731853
4402221.796087331
11244.581191675712
353223.5215203393
69616.82512586424
416901.5982180169
56421473.12446042
1280929.4275286105
272039.6363632684
17071632.69827132
48436463.4007526
272833.0
16325379.0
46912.90006204841
3774494.6260283026
79851.0
48436463.4007526
11634149143.683376
16325379.0
3774494.6260283026
11634149143.683376
1146564.0076610097
258554.61214073573
16425601.0
12623.081019322672
371333.19961679063
79376.70085470086
1098411.3550829345
121701345.63809583
14474396.377777778
368700.72102129186
111116351.98851678
14120417.197831975
167106.9795515624
16184119.0
30468.463383088725
1586089.8139114724
71755.00750162544
2112702.1901546866
3177113387.649502
2103737.953902675
887041.0900266548
114383154.70648938
1366497.2728093946
34448.624847767765
987215.3680287814
22762.004174165497
1586715.6109468993
59294.105361890564
541374.022497087
74793491.30129075
535409.2827783277
484991.9576733097
17886007.99078808
14140993.999999998
277348.0
16425601.0
34773.0
1596558.0
79851.0
14140993.999999996
3218904584.9999995
16425600.999999994
1596558.0
3218904584.999999
133496.98594525782
277977.197329463
2808805.9347626884
736015.0250332302
9101.21398277974
201018.04398593892
105525.20948173714
187265.64355972275
56159.92285516544
1449003.6811104717
277977.197329463
2783786.0928339753
734609.4988375437
5747916.072169939
1425901.4829976344
15058282.049425151
187265.64355972275
56159.92285516544
1302432.4014505066
1112959.2052089958
5747916.072169939
1425901.4829976344
15033122.598227939
29409552.028957106
1112959.2052089958
29409552.028957106
156652.02664020925
297103.46342295094
3566906.3614728553
922073.5528455285
9376.779867742225
186402.29774095438
56647.91494831961
201981.33270332383
69860.27914396262
1344065.4604461123
289474.6340988182
3307472.788772854
689139.8684369789
6158731.144236522
1698251.7994525228
18720397.9952061
194886.81610673532
43166.98457660673
905934.8957356366
1328419.0487652523
6031989.354960322
1262709.8684017975
15024646.620817382
34339031.742733456
922952.6252315413
27321372.994582538
171281.953777408
336941.0
3569824.0
921814.9053242145
11075.238047085038
302776.2656258076
174841.204693738
228373.0
75717.0
1449003.6811104717
336679.7163311547
3567962.9412670485
896516.9548569538
6975021.0
1852354.0
18887379.14791793
227974.87856981665
68869.28775181397
1381485.3220412978
1460986.0
6970752.35953609
1786095.4280184351
18479313.98273118
37627605.0
1356219.9854122745
36537835.25904826
171399.0
263596.61200182664
3568487.4511191836
77346.87370469679
10186.0
298004.2440106416
200096.33561655515
263596.61200182664
3568487.4511191836
77651.81500496267
5366699.313184487
235539.14294681486
1618017.0633316664
200096.33561655515
5366699.313184487
235539.14294681486
1618017.0633316664
4898038.509363632
4898038.509363632
410972.9031485139
22391097.23979686
69529.94021289643
4086.1193220783593
3879454.2701296173
69498.42565188823
40038.81671808446
524022.19302895764
179565.21681378162
1000.2324829672416
668869476.0105959
4364739.37106453
281310.5495754149
215846394.33949077
2591689.6873942893
37941.112366413035
28782564.259648334
2271157.4293218623
65959.16348979542
148399.89243375353
7406449954.190489
124916015.19588041
3290631.6652627634
19219280.783141095
16739360.162879525
1320460192.181958
3958962.9168469077
58592976.302553
585725.1180045443
66605.43118022257
2205448.573240422
62232.82132973336
34837.55660174899
187254.0296700971
50758.3752642746
692.0247881279762
1255101500.0368814
26651553.16422604
1392628.139236341
560226103.2250271
1880718.5363383668
70700.61286847139
15453986.813406453
768067.3260498109
26544.552588878818
36217.95447846186
12633665850.529812
84669547.09726092
4333796.422217053
6259914.960708715
2324010.9398337994
490906434.62048817
263652113.0
17522169.075970855
620709.6635654427
86443.8500687876
15792757.441583268
529228.4164581095
143058.38735151308
59274.265655555675
68590.71141358672
910.8364131646182
77766387538.48917
2766244535.922164
4869543.267323472
145445526.7554308
2380654.5187247368
142103.6490479838
126487488.89541358
1516949.8516017203
84938.49705952023
31238.686735871055
902337681039.4519
213198516.8636702
28700267.832563765
6656411.332054128
4272648.160780428
1611569345.9099884
1395427.866491195
163395795.5867478
12128502.0
33822.78114598722
1086529.84874963
348848.75542002433
8115.479061845179
16149242.263023531
31256.2972120401
45892.56990287693
959473758.6775191
108228571.10222696
258250.05333562716
47949192776.2303
379249.4075613162
600847.6719015343
117249892.63464144
112019.02739744227
150228.70946557555
268347.11244656186
206594356677.408
7912497.8839894235
5940739.922810651
8738475.954264633
2766483.39199422
247047631.3397652
87539.02638007283
167718011.0
12128502.0
132712.0
62742.645484311244
22851.712563874786
845.1422482592556
16425601.0
277348.0
79851.0
44029338.42097445
5602133.591413521
87539.02638007283
49446386137.0
167718011.0
12128502.0
5543674.176077201
62742.645484311244
22851.712563874786
16425601.0
7436748293.278431
44029338.42097445
5602133.591413521
49446386137.0
5543674.176077201
7436748293.278431
1444912.267278917
256734956.4799574
17564070.610700723
94547.98133537905
1067097.9228848314
348367.8441235759
11641.502171970038
16425601.0
163699.48044171336
72952.17948914909
1148030932.088007
117931996.70461322
1001562.0161192466
78212281893.71968
9900919.051387059
3087032.915093129
111201205.96510643
563582.7990701469
300970.08518482605
2190626.6550727016
261295035536.16708
183989617.61541712
47585633.722677596
643959830.6450397
29226790.120070647
13063401430.078657
228370.82487389314
169542.57955100958
7241.101551412968
39194.30972572511
981743.2894106237
79851.0
200879.46489129512
169188.9035211237
4327765.898681903
7101.707273707672
2855128.2368438793
981743.2894106237
198656.49202360286
205390.0539084368
4327765.898681903
2855128.2368438793
205390.0539084368
596.0
89895.24635607429
3686033.4842180926
4566924.776066176
34773.0
78519.0
1589622.0
596.0
2409004.528748156
2170345.157099612
3686033.4842180917
4566924.776066174
608709605.5756402
1589622.0
2409004.528748156
2170345.157099612
303732293.8602085
608709605.5756401
303732293.8602084
171235.0
257604.6263717024
953634.0
7599.108493908981
266499.0
4500628.99566818
88254.86284955766
323533.81809320673
77832.24632086557
215876.0408019009
766145.0
4754555.151208107
170638.58453858018
6048715.693742078
75005.81147495113
4754555.151208107
7513.445639628882
4754555.151208107
262882.52183491475
4500628.99566818
1891970.765211275
220632.17158907952
213836.1608198488
796973.0
750886.5957278294
4754555.151208107
83773.95266564401
72239.78400720445
4754555.151208107
4754555.151208107
2049530.8612279042
1826948.0252139578
220632.17158907952
796973.0
83773.95266564401
2049530.8612279042
133039.9451254288
251492.76179406387
2808805.9347626884
736209.4266749362
12015610.426193755
132712.0
9307.57083757182
199023.21919393592
83491.76713185705
191180.62022777484
303734.2272322
1454265.139429339
78118.7065608858
245649.5245273636
2776026.969523725
696577.1102794579
11963872.202679574
131554.96394223362
5127935.893776865
5532407.013098181
19529237.75273425
244143.85328916973
15060031.664200505
19603818.10732299
2740351.949779408
19508190.358034153
651088.3328434917
12015610.426193755
184708.4929845833
197867.13152116933
1191668.0940310094
5058695.200979037
5029784.680529332
4272605.0859927405
19528980.68044537
242601.14377900944
14416369.018856822
19603752.410245225
2717293.3519374803
2331818.456588551
643213.6858069575
11963872.202679574
99085337.76430634
5157643.734170433
5000715.94023124
5769547.14768509
4375030.644007862
19529237.75273425
40266207.418288015
13606264.04106703
19603818.10732299
19508190.358034153
3394843.590140327
77683124.68605931
5054471.26034189
4975925.583809268
4390731.780824099
4018779.9944403637
19528980.68044537
33564689.93690683
13481670.349108238
19603752.410245225
19507338.33948712
102343756.3239294
78499768.6424694
5157643.734170433
5769547.14768509
40266207.418288015
79055769.40787083
72668163.25336114
5054471.26034189
4390731.780824099
33564689.93690683
102343756.3239294
79055769.40787083
173705.8366782333
264296.341722679
3627810.0
953634.0
17959086.0
171470.0
9277.214320643669
302386.92138558056
307771.9456642378
200098.81965173065
322077.38271984487
1454281.0
79851.0
247680.77869762012
3618406.9103784463
870728.3148158726
17875945.948584795
169879.8943076005
5376198.440823651
6058819.971906194
19845258.903857455
257170.91609333365
19423951.0
19923079.0
3503997.2155472003
19817738.17118757
832392.6591700651
17959086.0
185838.81623788743
149452.66306812348
1338630.0853600972
5371349.545410607
5094138.9085552655
3176138.4411404855
19841843.047690645
245288.45749080757
18079018.05790624
19923079.0
3500464.1583950394
8994112.048162803
800578.3931254395
17875945.948584795
108062958.27254973
5388636.407742431
5259664.778758403
6116034.333532201
4900830.752545208
19845258.903857455
40266255.0
17395951.80229799
19923079.0
19817738.17118757
2614940.0243237903
58166150.32149355
5106576.875474045
5066016.90663656
3233352.8027664935
3038067.4856176665
19841843.047690645
38238032.90199262
16879509.51687409
19923079.0
19810737.96303712
108739581.81262891
88164996.68522507
5388636.407742431
6116034.333532201
40266255.0
58842773.86157273
56579700.06358695
5106576.875474045
3233352.8027664935
38238032.90199262
108739581.81262891
58842773.86157273
132599.21895272413
277274.36368926027
2762086.851194438
711236.0622184487
11962700.34675709
130550.03905854427
10806.073667625787
298132.0
200533.851248054
212332.75938584947
338585.7676307812
1394538.1799698793
79851.0
277274.36368926027
2762086.851194438
711236.0622184487
11916163.865151381
129488.35108064536
5667156.457739805
5871354.6551605025
19824459.63478066
267189.25639910274
14595747.73413531
19896771.322937783
2697542.561764149
19803536.70241063
633150.9667405712
11962700.34675709
212332.75938584947
338585.7676307812
1394538.1799698793
5635051.423797092
5667156.457739805
5871354.6551605025
19824459.63478066
267189.25639910274
14595747.73413531
19896771.322937783
2697542.561764149
5599791.103411624
633150.9667405712
11916163.865151381
106078660.62226811
5726574.985902067
5488728.494652979
6430387.248712353
4433652.417440366
19824459.63478066
38941615.53990964
13260366.01883732
19896771.322937783
19803536.70241063
5635051.423797092
106078660.62226811
5726574.985902067
5488728.494652979
6430387.248712353
4433652.417440366
19824459.63478066
38941615.53990964
13260366.01883732
19896771.322937783
19803536.70241063
113996946.489083
79850947.85011286
5726574.985902067
6430387.248712353
38941615.53990964
113996946.489083
79850947.85011286
5726574.985902067
6430387.248712353
38941615.53990964
113996946.489083
113996946.489083
162234.31902792677
263596.61200182664
3569824.0
921814.318980868
16974603.240330275
168728.0
10183.51545893212
200893.686153062
99678.40921639171
200098.81965173065
321227.1089808434
1448958.141777229
75934.11761651181
263589.158378623
3404866.5717073753
912392.0710175452
16925462.730888113
167439.66214692342
5366706.7652900135
5909638.505369561
18829555.89622193
255960.22429864272
18887373.870827813
18901982.109516617
3454234.3742655544
18801875.224116392
810823.1974938654
16974603.240330275
200076.45878211973
320381.2726637189
1296793.2908035154
5363697.081759593
5366639.682681181
5907100.996418187
18829555.89622193
255959.89770033304
18720098.33961394
18901982.109516617
3302851.1853440134
2661500.2322681407
802401.7177940997
16925462.730888113
105802606.55648264
5388636.407742431
5236265.95505367
6113483.512315197
4693051.36788149
18829555.89622193
40218479.71917406
16981013.331973843
18901982.109516617
18801875.224116392
5356084.554905473
105779768.97592029
5388569.325133598
5236263.015668884
6110946.0033638235
4692940.180863893
18829555.89622193
35493429.06422247
16829528.569834143
18901982.109516617
18801875.224116392
108716624.42167588
84131216.4741631
5388636.407742431
6113483.512315197
40218479.71917406
108693786.84111351
84130215.79100472
5388569.325133598
6110946.0033638235
35493429.06422247
108716624.42167588
108693786.84111351
174305.0
3627810.0
953634.0
303187.0
202967.49452651094
1048994.026060327
39008.20095407751
1454281.0
69514.73333333334
3627810.0
953634.0
4319279.079751651
173812.30083720735
19423951.0
1454281.0
3755311.9929477484
302094.2090481146
2394521.8940077294
160185.42770903016
754725.9969389457
19423951.0
3627802.6427640156
3620781.7755488474
953284.9400260756
893935.7373181821
1151711.2611461543
1453233.8200782267
1336304.396189885
1148131.4209179557
1142686.6430634654
19420809.46023468
18493277.59627723
3627802.6427640156
953284.9400260756
1453233.8200782267
19420809.46023468
174304.94037007898
322886.15614350786
2142007.5340445163
953630.7266566264
10614.10984394357
69426.95859367966
199314.82571123395
41385.75849423925
215543.5258548701
70142.96946858056
331310.2141987304
322886.15614350786
2142007.409825555
953605.3297434251
173877.0869058112
6632378.4381467365
1746522.8101777385
9186369.686942285
215543.5258548701
70142.96946858056
10588.530353762528
331292.57887897815
69407.7117052963
169819.98044289587
1185129.2993043936
6632378.4381467365
1746522.8101777385
322586.57972748467
9186316.780983029
2141824.177132584
899033.2954125679
32725871.33778112
1185129.2993043936
215483.3279753816
63860.42545978107
324969.1215140477
32725871.33778112
6631767.505690199
1676569.7680836953
9128237.750001995
1164542.8073828768
32518636.508333243
171398.94037007898
321003.0373047876
3564987.161809574
922074.0
10592.37396352164
289217.1904314035
326861.33086208155
88631.71630125599
217872.05121786363
73662.56361540905
1287039.5460048406
321003.0373047876
3564986.92328989
922048.5380237297
171156.29924006062
6650430.117963895
1794592.4016892242
18621857.287554428
217872.05121786363
73662.56361540905
10562.210708046148
1287005.596703147
288975.79257089907
290126.7431855402
1388078.7423824386
6650430.117963895
1794592.4016892242
320659.10374243197
18621755.43964935
3562569.460304135
884226.7953301966
36223079.11286827
1388078.7423824386
217559.2812562054
66586.89430284835
1249611.545543835
36223079.11286827
6645499.436548925
1718656.420957006
18160289.69330269
1308262.1659297356
35107670.18968445
