79851.0
12028778.0
3935962.0
4017842.348968956
10505630.0
1028558.2624406518
59710469.99099071
11102.0
60664815.0
39596882.77499384
9389.02743406362
40331822.0
174305.0
3620673.0
303187.0
3620673.0
1371915.2265877654
168728.0
11551.352352798283
1371915.2265877654
3440525.2226433577
88611.48326574708
36466.200428469216
2720603.4204127705
263651356.0
75619.12977381695
129683.9373185481
2786822.4655549163
13722464.0
83761.6888888889
28314.666666666664
2348813.0
13554375.936598996
55542.92145549282
22946.514052244213
1225975.7737276508
11872926.224239478
130549.87301537956
78519.0
11872926.224239478
12028778.0
73967.23597464233
68427.3591854988
1974664.4824785423
596.0000000000003
3651724.0
1719368.76227346
11102.0
298131.8211435844
225823.0
225823.0
11102.0
88698.34178693117
174996.48917423887
294002.6394874495
77521.683509613
195529.2777777777
323927.45338416565
34433.76851967809
287950.77139124507
3663842.9422534136
34466.64273504273
88199.81426326046
3400021.0872052265
1580369.0
31467.393518104083
74059.51791287246
980966.1746388595
44327.21311475409
730.4049707878874
74059.51791287246
28583.289368927697
171399.0
337309.0
914934.7809911675
11102.0
261978.36331701197
73849.0
337309.0
914934.7809911675
1793001.9999999998
73849.0
1793001.9999999998
169285.62462984334
286578.6770568142
11102.0
85887.58733070378
286578.6770568142
192486.62241121352
150350.84035063183
269613.44018954964
39571365.34295467
10307870.8396423
71300.55752706007
3609057.6253296044
55838.26126769599
27772.372717454848
7930239113.013739
2493153.1185509027
2233291.2127339337
900209.8893025473
160579585.50434282
289737.0
4621730.042150714
89647.73119387311
79851.0
3984366.4591310094
153168.0387270299
4621730.0421507135
3984366.459131009
93245.39648249702
372070.70034663205
12465.4052158208
72806.55446051987
12529.436766792152
311.65179964664253
340237.31595774245
11723.786874193896
2297101.0674555427
1580369.0
34773.0
2107529.2467487636
36718.41477320417
79851.0
306736563.6399719
2297101.0674555427
1580369.0
2107529.2467487636
306736563.6399719
3656261.3682982977
1520071.634217019
33461.44888211846
4363900.161361307
83635.15288707473
73339.14827648124
581670138.1821561
2739910.213029425
1286472.4406485688
3278500.125841268
338823172.05222696
236894654.9075923
13656373.637486484
95834.92233764203
12923870.114705473
158895.47666431882
30521.51415098377
53381715027.75479
9278340.391407123
3329161.233683795
2112401.1900483957
689159551.4626155
263651356.0
618124.6749487225
55752.108009266754
527110.0189160528
73195.85327353755
681.0140809614858
2757521003.952991
1194984.0911974902
63288.39604348423
32179.09871179298
5480267.723534756
3325390.613740213
3562503.663729913
22813.800567673687
1580369.0
34466.64273504273
79376.70085470086
669676909.656281
3039228.038152711
3151439.0580056575
1506276.186324786
581560858.4753729
479124.28243759176
12127823.0
114780.74543448845
60014.59177696198
1034.9466232941481
77753.55114597069
101369358.69200222
297103.80168151885
7000663.201000074
46709.31652467279
40757513.58830382
475129.99259889364
12127823.0
75312.9387059562
59407.45769614781
890.1416013634915
70178.96580040909
100604154.6046425
133368.94009331072
2046890.148581808
29960.80651338851
6070241.443035673
337366.0
3604129.6370605254
946691.0
225385.11326813628
73849.0
1159563.1933314945
6896173.2653627265
1799326.9999999998
18517948.8891472
1362896.8317034068
35748150.63406813
3861749.2562253657
11783633.756591402
129792.56931271632
971560.1618962524
41392.49881996187
78348.05250682085
268208434.99273983
3861749.2562253657
11783633.756591402
971560.1618962524
268208434.99273983
75991438.51316096
11962012.508479482
66064.89245114151
6881899.624729484
24217.353291058287
67795.5228175385
19991043657.503124
1916163.9607690838
1608469.5788755757
631693.2892756071
67584494.02158202
10185.80479010527
54620.02465714635
4502693.5049866475
69097.47093201
99055.87301787757
4850522.74391835
1011310.3377426403
1049310.4205684727
6188.54303535014
1393.9056020171474
43733.24156174424
66908.14038044671
122.6193573623377
3441.779817830973
32607.33678544564
3268.854632216442
303187.0
1447470.0
196595.92658078222
41524.237898662395
1447470.0
301540.0
8412.089638484522
1281681.0
1708790.1998566831
41278.445061728395
990572.0
70008.47017533022
4637507.968920799
74077.34458867967
1333976.0263142055
114341177.4163129
887867.3913580247
1719734.1994091354
64417095.046496406
2815639.260781479
145810.60063971957
16196553.596038785
37207.11293782182
916923.7828614708
71130.3142276306
1390133.624677441
249883072.70766374
1591250.1040987521
758561.6300251798
58317095.0953127
4289188.0
5851.261395806578
4729090.643069735
17480.37099618453
1572978.8323474377
13324.998152682689
213468.89816538303
637414967.6947855
116415.26760288581
294982.2012157316
5350779.689847637
155293.9131089482
297390.2892275243
3559870.3614728553
915193.5528455285
9376.780121657685
185575.39958011563
56610.140098369484
199953.6596698249
68327.11317617021
1337384.3386672395
289761.464591593
3275990.7497134022
680901.8321165385
6099498.9685763065
1649519.0781350345
18560620.9952061
192859.14731373437
41633.82468141135
900419.9112607879
1292005.806426919
5972757.2566826325
1213977.2596344757
14840425.046404423
33175556.091530435
886539.4845484965
26157899.204163678
4696494.5869958075
4140231.0
13680046.229508195
171470.0
1279491.892678975
1140577.2454708565
38471.37847842581
1345836.081967213
42167.0
34489.19672131147
380534625.989448
575164219.2388808
4696494.5869958075
445862343.0163934
4140231.0
13680046.229508195
117789173.1236602
1279491.892678975
1140577.2454708565
1345836.081967213
51939746984.80269
380534625.989448
575164219.2388808
445862343.0163934
117789173.1236602
51939746984.80269
427637.0
17748717.0
13722464.0
56337.95316620277
32207.0
54007.0
243.513535957638
1580369.0
58566.16373894589
23147.701606007162
120909481.00000001
75838555.0
24330.466836517902
3023694912.0
1177051.2349832992
1257979.9856880156
5569557.999999999
6871.026663198024
21820.51187099901
482520.5023667505
22469398711.0
890622.3465575738
2382562.3449067026
38300568.805232674
684029.1806275308
97863111.7451944
12230524.624701237
3351486.0819672127
3548847.619992262
17552.14338540603
3599884.542751117
4508888.432873044
77641.09984230011
1552474.292686676
32889.60948399728
75248.04145248025
2526358880.2248406
3296609756.370473
4569987.327901497
650189931.8231224
1906315.4796548912
1485230.489922925
583038557.1183896
2268419.5890250187
2719663.5527935717
1180071.998271803
732124416848.3376
718898450.2965943
858926397.2606835
216361746.70835358
223916835.41435665
171140518828.51883
241907.44563644068
3374912.0
3610112.0000000005
6576.593537041989
250566.28093787984
114218.42112885075
3417.196876714429
1580369.0
22302.298146425434
60939.44088588891
28394165.808176614
15110392.742487986
120941.41772796973
678742637.0
501287.1076165229
182229.32541040477
10656084.153350268
165118.6557236833
72815.75169638716
450075.19413928594
2388302937.8221903
9803930.821830647
3800556.251505975
15354969.236987345
4335321.282269873
347160662.839503
3971000.498085706
60018289.0
17209769.9439412
86246.90935917375
2234330.0254392796
947839.6160348542
38817.05281298623
4661531.919736021
64945.32246271576
68681.62847953524
1281388470.7175393
295038851.57726526
2474074.2921423377
14640955251.630741
4780484.713488601
2385788.087157157
147159359.97175154
1451466.8252708223
780466.8948199552
1421186.4742979098
169951440317.8811
338221083.9569196
98900320.57018742
204698936.9413903
60555109.33153623
17560669950.69718
661497.7334019961
263651356.0
17793683.612415407
93139.2218041915
476890.3708105153
157410.28176736776
5235.259655820642
16179987.096877713
157321.4081538683
71216.38604985221
506194347.56165445
52503245.94446079
429026.42971001205
79276529731.3798
6845114.581549222
2776717.250832282
48187351.31791702
231363.79856675933
132237.958539236
1855784.0543707015
112310643542.26309
62447661.178598545
17874768.9493249
345040495.4811263
10839881.223809158
3679414929.3067083
286551.0
171286.31611475023
10767.011093671561
40550.0
956751.0
79851.0
283256.62072756194
170180.0
353644.25136036944
2001.4368602162963
86104.03788749335
956751.0
256369.0
2270529.499137614
353644.25136036944
86104.03788749335
2270529.499137614
250716.0603946004
35130.08514489844
2742.129371260112
1089.0380401355337
30535.529242973433
77308.37038767051
85022.31119710302
119043.8782910622
6197.724871020941
36.41330247581293
1180.4461948784233
29868.428182125444
136133.982589326
37546.98620462992
6197.724871020941
1180.4461948784233
37546.98620462992
596.0000000000003
70110.58223317338
54102498.0
4546242.993808374
172844.83410826957
72220.13658106352
16045443.793868423
596.0000000000003
12517026.576990455
1372552.285935993
7913606.627670818
1822466.8849096538
12116532609.289072
3164079.2667962303
3472344.7758093574
858819.1866664514
2196638366.171813
883525057.2569784
302614739.9428506
596.0000000000003
90373.0
3675228.0
4637707.0
34773.0
79851.0
1580369.0
596.0000000000003
1721680.90921163
1380715.9622621115
3675228.0
4637707.0
617386347.9999999
1580369.0
1721680.90921163
1380715.9622621113
161799689.7232973
617386347.9999999
161799689.7232973
596.0000000000003
74073.97370958261
158259.79963570126
4580455.0
992.0537707916376
74156.78337448559
59153.25136612021
596.0000000000003
84391.6046701464
1375703.1256523493
81610.95425052657
2009496.0390593763
27742264.207650267
39231.26031992324
71326.29727191108
925335.3794384254
7484551.169540422
5149756.412283462
4206423.195959352
11102.0
23759172.72909093
3665890.5495888386
4566083.241302358
87101.16747178015
7801325.49974224
7034082.753039355
60163.63337777923
1572867.768072289
34207.34738941733
77706.53984584173
23849404.599213593
3679216.580241311
4792906.263827703
153533.73931296897
5898822131.974525
5289859827.327787
18569706.649494912
607820980.5066161
3160563.6330857826
3957898.6442539515
1567677425.9998312
6322224.693526023
5631600.220667371
1432766.9534031171
5921053702.062415
5310980283.99853
18637575.93174838
610307787.9261022
3171761.5370780234
4144849.451081
1645663357815.535
4276531242.323204
3846029107.1925497
465172956.555045
1154651241.6452494
1652209126811.604
4292103406.3486433
3860991573.030439
467064855.3164643
1162514772850.3333
1167089949644.402
10185.999999999996
827571.754543082
639781.8771951147
379260.21772884484
12608.126318735722
4282120.072289156
4772782.0
73229.71655767733
1577509.8904367469
31327.37307912738
73907.89285554772
74684.10701157294
60749.16555505021
24822.049166403514
595.4348929306848
97950046.51878493
61036857.00414772
657678.7136594101
33208079.38114978
599295.311004971
340089.6265523209
643926186.6080571
2247760.8104634527
2158916.7502916884
966155.1604453832
8613953.647171358
5304606.104903193
62624.55451902946
2781612.4063261854
58384.3412472145
22488.166824379976
9352623274.493568
76408792.68130594
37844332.11443898
26840075.50327681
149225611.31729966
655442603.6847452
7361976.765095315
3984935.522223571
2479327.221283534
5605997799.787233
493566607.1810118
174305.0
287344.0
946691.0
11102.0
328064.0
4637707.0
68136.8645416632
350788.0
73426.48571819802
287344.0
946691.0
4864955.0
172986.0
6512258.0
350788.0
4864955.0
129969.63208634767
3984366.4591310094
119442.66686291045
1551257.4997846321
6512258.0
4864955.0
256369.0
4864955.0
820093.0
1590417.4973502457
4864955.0
113907.99999999999
1590417.4973502457
1590417.4973502457
3471441.0
2602913.0
1590417.4973502457
1590417.4973502457
1590417.4973502457
2602913.0
156955.1210927928
252421.72096092737
914934.5556375199
7242.660544423272
67492.41420295794
341455.08500902937
11670.701524409196
302871.4003492041
77237.8056671593
208033.21127101255
704653.0876498143
226878.62777438396
157747.57583494644
5623659.172101932
65353.723800347754
60932.95207738505
1493.7617368409024
29802.53931644357
743.4405745704662
331551.46216827753
1673236.526573021
1765661.8551987421
210695.98620159173
920248.2198292263
738717.5758349465
226861.20177892168
273385.9798330076
69633.31776632814
60928.23222227774
29800.62307139509
1741831.1807049813
1741831.1807049813
1757770.8387914211
920189.8822202457
273369.42455212324
1741831.1807049813
8268.477234640448
74076.44387131519
45927.74705966458
8255.694690638516
60912.04972466468
314038.04755341675
10961.675358557579
350788.0
79851.0
70551.84315806619
38551.31185081269
84652.87094399601
8254.646527143657
775294.0563402222
75885.75239084393
23213.03628823938
579.7483831834535
11767.443321474339
300.67763925994444
314038.04755341675
429190.0573874881
711622.6510571553
70216.42323148964
363548.15286041144
38048.07647358821
84652.87094399601
110305.67632483943
84469.1179551171
23213.03628823938
11767.443321474339
430226.3205318694
416957.0592079726
711622.6510571553
363548.15286041144
110305.67632483943
430226.3205318694
134886.3846676878
251552.05061560782
730759.6729625819
9723.524190457385
190188.91140405642
1019075.1445132981
39181.59327575345
304021.09250722
72799.49928337532
251546.62159888455
730497.1651617233
2735223.6625963924
133871.03174112446
5534310.073332093
303013.18206741696
979342.5483304298
19535.05553143134
359330.7955972602
7440.688066755962
828453.3627740025
5531993.99271591
4066040.2024486605
225683.29058328443
3203915.950582343
633230.747253225
1433162.5258035918
2363634.781205848
99609.3436904278
674550.8094938219
261300.81784593491
2281340.02802772
2281340.02802772
1479678.1565011097
1479256.607429706
1399828.471108852
2281340.02802772
74460.9084348154
329141.06899932
3557071.8695186097
13652840.051204817
168728.0
5410.899866076148
117254.9515743097
220149.90759683837
34596.84789156626
167504.28104171212
1578973.6760102005
13877402.125735227
215069.31314733985
6736627.540222142
13878235.069277104
329640.06899932
8871639.367398772
7069659.069713084
13652840.051204817
117277.79031783358
3630322.8074675007
13878235.069277104
167504.28104171212
13878235.069277104
3673948.058445269
13877402.125735227
6740491.540222142
6740491.540222142
13878235.069277104
8871639.367398772
3630322.8074675007
3630322.8074675007
13878235.069277104
3673948.058445269
6740491.540222142
3630322.8074675007
126555.0222194894
336706.05291319767
2062611.563630669
10420251.693433229
86632.87157308115
10542.664768978613
65598.50999783783
221661.1742954608
30865.703436652075
327570.96044983005
2008012.3407417256
13949471.0
309961.3650535387
6827298.8506132625
13949471.0
337898.0
2142500.541339461
1913047.2456191974
3630199.236845853
216071.947221504
6728121.050293974
13949471.0
327570.96044983005
13949471.0
1886573.6520326901
3797623.859507401
6829160.76993851
6829160.76993851
3797623.859507401
2142500.541339461
6728121.050293974
6728121.050293974
3797623.859507401
2039570.068225196
6829160.76993851
6728121.050293974
169637.74100806314
337309.0
2643208.104075498
13544456.657250488
168727.9999904503
10865.368421052633
87249.44740196926
223678.0149721493
34411.531835398
333387.36842105264
2632232.617765858
13764493.803852927
1912650.229692301
6866765.095330548
13764493.803852927
337898.0
2710125.480187049
2656459.3965228214
13544456.655341065
221320.21683510602
6823781.1724934485
13764493.803852927
333387.36842105264
13764493.803852927
2645253.038375687
13764493.801919302
6867960.051568866
6867960.051568866
13764493.801919302
2710125.480187049
6823781.1724934485
6823781.1724934485
13764493.801919302
2698919.122039914
6867960.051568866
6823781.1724934485
39074.38963744844
303387.1915611994
1326323.016610266
10420251.693433229
61130.12609362831
2863.5144283591753
12790.431277345737
196359.05933494968
25320.645613739696
86920.0946545632
388083.7979522122
13907817.203864867
93495.4050234639
6097627.405466622
13949471.0
302337.6136044069
1326320.4904158567
1210604.8252303754
1593996.511953969
68532.56991745313
2095355.864863248
13949471.0
86920.0946545632
13949471.0
388083.7979522122
1562394.7458048265
6097627.405466622
6087728.3495760895
1604048.541939959
1323486.9478879175
2095355.864863248
2095355.864863248
1604048.541939959
388083.7979522122
6087728.3495760895
2095355.864863248
174305.0
287344.0
3620673.0
946689.6018824622
17957811.0
11102.0
303187.0
327152.0
218336.0
350782.87356902764
1447465.8056473862
287344.0
3620673.0
946689.6018824622
19669838.885366365
5859171.0
6512242.6207070835
19853349.587590225
19262623.416942157
9354643.0
19822269.944317732
218336.0
350782.87356902764
1447465.8056473862
5845294.862121249
5859171.0
6512242.6207070835
19853349.587590225
19262623.416942157
9354643.0
19822269.944317732
116406825.58636375
5881942.0
6649262.0
40046363.0
5845294.862121249
116406825.58636375
5881942.0
6649262.0
40046363.0
118249105.0
118249105.0
134166.49809514516
262243.5752640784
2803264.5094250543
730759.9915439992
12127823.0
8990.200970616192
301644.6432205597
167686.2478672836
200328.23200344955
322299.8180693738
1447467.7506775067
242093.799857651
2792724.3339591655
649726.8750383721
19628944.553436503
5356715.0801164135
5804239.129258766
19830568.791437246
14933686.548452936
9354643.0
19807855.735678613
182433.98007041746
128154.61598984739
1289064.7020977847
5376528.386703992
5026963.454611724
2788122.2618300263
19827095.5084329
13664502.535582034
9326260.50118973
19800782.531411547
104460555.77983023
5394705.5239358535
6110707.296048014
40046363.0
2331835.0357515654
52731099.29145868
5047390.286805757
2865115.70625369
37227932.40191321
108793440.07878518
53732014.068966314
159348.06792209973
286551.0
3562788.0
914925.4376889917
17585537.065354507
10056.512758886955
195231.40377649356
74405.2562833152
218336.0
349803.2715263029
1441922.6280867355
268343.7772724055
3347883.4043647023
819133.4028968269
19411901.159977637
5848329.0
6346298.814578909
19593320.869738795
18727516.939200923
9354643.0
19562411.62151104
202256.19797825275
161197.62573350378
1137535.0850722715
5836478.443736726
5542623.937815479
3396771.2196476515
19589776.549431004
17179397.036928862
5953785.27973813
19555415.905264042
113897038.33121018
5881942.0
6649262.0
39998946.1501976
2832725.6088550086
62601032.12418372
5558847.937815479
3457923.2196476515
32385960.084462516
118249105.0
63396008.12418372
174305.0
287344.0
2706877.03907928
752576.2781496104
17957811.0
11102.0
91976.0
33691.0
205932.43937893916
213815.3626539789
416414.4607082542
287344.0
2706877.03907928
752576.2781496104
19669838.885366365
5654180.5456999745
4598277.554541334
19853349.587590225
11562734.078187246
2838652.9263680684
19821513.44615137
205932.43937893916
213815.3626539789
416414.4607082542
3524432.386158892
5654180.5456999745
4598277.554541334
19853349.587590225
11562734.078187246
2838652.9263680684
19821513.44615137
80582826.03233433
5658346.177603122
4596811.714368846
11750895.120001592
3524432.386158892
80582826.03233433
5658346.177603122
4596811.714368846
11750895.120001592
80578858.77979997
80578858.77979997
134771.83157178693
284993.54053731996
32122.871938948418
730760.5658468142
11878072.347944327
10674.0
1042.3767653363564
319401.5
8901.635591956941
350788.0
5228.9986137583055
277706.9118280828
32109.527217419716
704205.2460780332
19110683.639612794
265553.34261087
6203437.433572024
19303225.37347641
143536.0666447677
32122.79110278345
19280512.31771778
8855.625986692445
230234.0
5047.206923992384
83429.78623616452
264387.4281478354
4543621.759868891
19301818.4759733
140408.86278644728
32109.527217419716
19277385.63658574
2022704.9688857237
265552.45341305534
6649262.0
143501.54960232702
71316.11770834739
1766042.7457313584
264387.4281478354
4771931.0
140408.86278644728
2022325.2814188763
1766042.7457313584
171232.24748245953
286551.0
3559481.8199996725
61795.09190259517
17748717.0
10705.849796244258
283642.0096638107
2150.983574830929
217835.570909249
28167.58633343244
45036.71992450436
281474.0238189788
3557049.0480699576
61664.631558748995
19665305.70084692
5845563.630887736
721430.2370331931
19850044.70665423
1313132.153679861
8769246.836807301
19804076.44770784
211956.18380116532
27416.729759391223
44830.235249532714
550409.2212724001
5756535.094971851
714138.4142790709
19849985.879927345
1311146.1225615228
8765365.220182944
19804064.28196065
14729042.157693816
5876379.014301488
721337.347181926
1313098.3755521276
538767.0754928091
14613487.671843067
5781659.094971851
714138.4142790709
1311146.1225615228
14728670.598288748
14613487.671843067
173976.29107272823
3620673.0
946691.0
302433.10733838996
166974.49166464648
937810.8771749184
39705.732320758594
1447470.0
79851.0
3615674.99240815
894445.5699051097
826368.8693889241
172986.0
19262636.0
1347237.2302380197
533665.3313919788
301540.0
73900.45832175449
1741.312184399625
937810.8771749184
18424857.834273253
3602898.0
3602898.0
2076454.7243985983
820093.0
826368.8693889241
1591400.6038591324
1281681.0
533665.3313919788
73900.45832175449
17394785.0
17394785.0
3602898.0
2076454.7243985983
1591400.6038591324
17394785.0
132510.86805738445
2756620.8809533296
705833.8551233239
302615.6769983542
159458.29068934743
866104.3212143799
33278.64051403997
1447470.0
66668.06636103887
2755178.5555747934
686168.774806687
330160.45757837
131662.4938011675
14470575.206673212
1361888.5330891
216778.81594148852
301540.0
32098.659500927446
565.2060287005115
589747.0459776684
14147798.45869433
2743882.251385577
2743882.251385577
991719.4504724658
616946.8922803993
155828.71222039056
707132.6578525613
1281681.0
103334.90946969483
16177.029029665793
13153956.88782417
13153956.88782417
2743882.251385577
419627.1054308751
328397.47610511817
13153956.88782417
174099.86206339655
2706877.03907928
946431.9053242145
91939.16000228873
172706.5874312691
943865.0448667314
35783.56140348354
435862.9186583575
66212.9751201502
2706373.4613340334
907190.684710037
351202.96829447226
172986.0
11866335.42191438
424511.539686234
230658.53098945605
91481.22367819892
34316.99816738546
617.4224689848811
638457.3047273072
11729761.912929326
2697475.6633053133
2697475.6633053133
1060691.8137313575
820093.0
174057.49098345026
756154.913905822
386262.0505659637
115779.38755611936
18132.85306607797
10961535.23783008
10961535.23783008
2697475.6633053133
453305.12926275865
360594.96608910646
10961535.23783008
162060.13627075468
3620673.0
752576.2781496104
198254.12880661973
30119.67661944402
350249.44837243384
12097.652286913903
700437.947539417
77058.95814263512
3404757.3450053474
709921.4940251065
87376.14533059433
161293.2304659252
15946212.341415957
641830.3712457313
62828.121059679994
237200.44213708295
12255.97699608017
312.71402139387146
343395.82599679986
15241736.551200876
3602898.0
3392428.1483866535
377842.3154173631
696488.037834042
87376.14533059433
281011.02144061605
641428.599226447
62828.121059679994
12255.97699608017
15290548.641520314
15080078.789906971
3602898.0
377842.3154173631
281011.02144061605
15290548.641520314
163490.20631795842
3620673.0
946689.2527185207
200939.85515095136
105358.32000395562
374123.19684697024
12749.475912800424
1447464.758155562
79851.0
3426006.7137232516
935874.4590364791
89203.34277088914
161654.27296882553
19262620.274466686
1303689.7672389508
64114.50970233442
237403.52854496439
12445.078481016932
316.97551864501554
374123.19684697024
19067953.988189936
3602898.0
3398926.9134388594
383627.3842595248
808761.2729688255
89203.34277088914
285363.66601122037
1217544.5285449643
64114.50970233442
12445.078481016932
17394785.0
17190813.91343886
3602898.0
383627.3842595248
285363.66601122037
17394785.0
130426.3652164203
2803264.5094250543
730760.0692367118
194624.03601209976
74494.25629441935
339118.0590001317
10320.53425838877
1447468.0549698796
64524.40000000001
2727182.2721682442
612057.0132073048
227050.25353665501
127544.06078750867
14933687.247687351
1065992.7860015663
162023.43083700724
235210.30280244886
29791.758429618985
559.9099987727739
230013.2100756024
13085020.653585501
2789414.890689106
2675247.953295078
919082.9425143253
624839.7346206835
113898.85853083411
682709.5570706784
1209317.753262367
81281.41354111611
15672.059019881448
13481888.665989826
13318184.728301583
2789414.890689106
387994.133898175
314636.28491773165
13481888.665989826
4943406.455897233
156746.55382149378
40231.29784098272
4615628.855922013
40042563.93973453
132712.0
89016.50610578361
40042563.939734526
259882784.0
86044.75922339197
153360.317528841
4908899.886122776
263651356.0
90753.37673877753
160391.22888280003
5799625.442031388
13696995.247650493
161897.4153846154
34356.08703163437
12351694.050250912
13825002.948509485
171008.06233676104
34690.23178944147
13731512.378877206
730760.5658468142
77705.28188199812
134887.0
328064.0
8286253.364893915
730760.5658468142
1712298.1291987197
8286253.364893915
17745351.888737883
117722.60317160717
75743.49011117224
6124471.8751361165
11872926.224239478
130549.87301537956
78519.0
11872926.224239478
53882993.73418278
169041.91538681858
68413.48946999077
6847764.609257564
50394346.04586044
209930.65228772702
82571.70955561247
28348915.458345138
53011670.64334166
185887.3803873974
72338.61509699757
9842802.83196418
303186.6508097093
53979.46491883225
134165.39477013523
3467597.305622752
34773.0
46133.32886894969
3467597.305622752
3675228.0
33613.70793290744
83034.44604779396
2670202.8236696688
3620673.0
946690.8410117435
174305.0
1447469.5230352303
303187.0
327888.0
19262634.569105692
3620673.0
946690.8410117435
1447469.5230352303
19262634.569105692
2746790.7478850945
699960.8410632869
132132.0990927638
1385705.6734467184
297712.0884208066
262116.0
14365237.998727007
2746790.7478850945
699960.8410632869
1385705.6734467184
14365237.998727007
1374054.0438740682
13722464.0
161864.0011754522
575431.9006410042
11463.768155274103
34465.180060254745
163410253.19227138
1349740.424765759
12367844.065202866
574159.1684086897
159282760.05866176
5144531.962723631
13819199.08320783
147765.29356411227
1210455.9444749516
41908.28506332083
33731.770978979286
633665382.9425594
4505948.988285298
9128687.053237014
1184281.5105481837
490710502.06906295
3775788.0
10505630.0
64692.0
1129126.0
35823.0
25792.0
375640613.0
1488154.0
1691473.0
624291.0
80822424.0
171458.83550705947
946691.0
149567.40592002816
38692.802777159435
766112.284096621
7889.943606680438
286804.04968134686
794564.6126545689
131336.98875704763
705833.7333434499
278290.96123270143
85640.3400135754
603516.4984613121
213289.0
300600.9563384523
606795.6685542178
196206.4455283425
1028976.3015979978
41282.09799575787
78519.0
359828.58741030155
294802.6988569584
1028976.3015979978
359828.58741030155
1211209.0706248824
1580369.0
32166.531886387642
1048998.1627923984
41389.37049701421
75099.49605524397
77663518.11793274
1144006.587305745
1065220.2966417673
956686.408946916
63692634.3538678
261445274.64517844
13838077.0
93325.03212799379
14023343.522379844
156227.60428770632
30109.990129042155
58385602880.63243
7746225.875764497
3093843.1439774046
1906505.8371328588
573834489.7028341
165280026.8512426
10420251.693433229
93511.22482526954
14114407.999999998
190932.97224820056
32027.485702527923
38492199911.63242
14558836.47165363
4103150.235645976
2951303.870229276
1181395859.0244954
59603163.407583885
13620431.024482874
79241.82514678873
4289188.0
60584.53221278908
28097.671035313564
11505673964.66239
3692599.3329836978
2302390.5118306847
1273595.5652561467
250188744.89209616
3223850.691475744
3463906.365482966
24154.36846874593
1505652.994485992
33681.92295274326
77583.78186778736
612475944.0569333
3223850.691475743
3463906.365482965
1505652.994485992
612475944.0569332
3325390.613740213
3562503.663729913
22813.800567673687
1580369.0
34466.64273504273
79376.70085470086
669676909.656281
3039228.038152711
3151439.0580056575
1506276.186324786
581560858.4753729
299763.36923853017
2803264.5094250543
730756.2477614122
134887.0
199086.11597333732
56668.90209337727
9792.783905404502
1447453.0877259036
303187.0
326887.0
6118277.234259571
1440378.7268819232
299763.36923853017
14933652.854409654
2803264.5094250543
730756.2477614122
1121733.587924456
199086.11597333732
56668.90209337727
1447453.0877259036
29604849.88806305
6118277.234259571
1440378.7268819232
14933652.854409654
1121733.587924456
29604849.88806305
317669.79589557473
2803264.5094250543
730760.5658468142
134887.0
212374.64038641294
64140.91525220127
10420.095176966839
1447470.0
303187.0
328064.0
6504555.694955505
1601626.1134614598
317669.79589557473
14933691.71717827
2803264.5094250543
730760.5658468142
1259427.7396518094
212374.64038641294
64140.91525220127
1447470.0
32783581.309618525
6504555.694955505
1601626.1134614598
14933691.71717827
1259427.7396518094
32783581.309618525
302114.41406621627
3620147.99999997
946687.7266566264
174305.0
202448.34183704457
65897.24445342849
9932.951440263583
1357815.2296893024
272924.582352165
327649.99999999994
6190892.3036488
1619936.2395644085
302114.41406621627
19242315.539907776
3620147.99999997
946687.7266566264
1276383.8503254564
202448.34183704457
65897.24445342849
1357815.2296893024
32855164.67601543
6190892.3036488
1619936.2395644085
19242315.539907776
1276383.8503254564
32855164.67601543
288950.8643203279
3620673.0
946689.6018824622
174305.0
192729.9979169065
57993.86900282469
9461.077513769527
1447465.8056473862
303187.0
327152.0
5912259.546003408
1471308.3678452612
288950.8643203279
19262623.416942157
3620673.0
946689.6018824622
1139360.7234727014
192729.9979169065
57993.86900282469
1447465.8056473862
30072599.463167194
5912259.546003408
1471308.3678452612
19262623.416942157
1139360.7234727014
30072599.463167194
259882784.0
17748717.0
87813.02086105169
16424552.0
150753.24657653924
71538.79220444597
79152379671.0
5743369.580472158
2530205.726304119
1692351.4038262132
281703586.36187476
57901039.01485738
17744588.44230541
93597.70777306514
4541987.867099755
64586.728888746344
70972.77013691558
14295782470.075312
6419126.765322917
2848266.9805640625
1632938.9080188926
337926643.07319015
258415381.64505032
17274417.59237126
91055.29042048613
15880514.130385332
167410.08804221317
70216.24569489389
76462825956.996
6296857.4196018595
2662662.2030502656
1798809.6492202198
289413993.39535797
22370759.015909836
1408152.0
2498.244444444444
16253431.237268217
165348.1626694194
72399.88888888889
7264755296.780197
289866.19999999995
100548.2222222222
1811817.777777777
16453798.266666662
297875.8983936579
1387029.7159726436
178457.6168286918
37283.41412812042
1336615.0968610654
4108.330687095497
237014.94075809035
1249537.0
286731.34538303164
1399305.0681471704
193641.134835202
40578.18389190444
1398337.580751009
51902.24714697997
291786.9474539449
1234424.0019990103
5258524.87868947
29455.877777777776
7261797.0
40372.69344827957
1367917.8370824219
70034.85555555555
1257311.5928615555
825734733.37468
877153.4555555554
829657.4629608146
55309247.35830506
53126873.43090534
255880.71996902535
16324330.0
87862.20600070778
4602128.128757321
79376.70085470086
46582701.03486111
12267248806.413641
14389568.878632482
4282260.230245145
10494209211.352556
769072.3966051961
59427.33810731853
4401786.829603657
11245.734313517813
353282.7828037392
69602.46639186022
416953.8684865853
56428596.2045755
1280494.4610449362
272088.2217999134
17073687.446125913
48436463.4007526
272833.0
16324330.0
46912.90006204841
3774494.626028303
79851.0
48436463.4007526
11634149143.683376
16324330.0
3774494.626028303
11634149143.683376
1146571.8766078805
258172.21693525818
16424552.0
12623.100613353845
371357.2205602618
79376.70085470086
1098419.2240298048
121701491.72958435
14473347.377777778
368724.7419647631
111116498.0800053
14093880.932851547
166653.1694591826
16183057.0
30468.463383088725
1569961.2956940678
71755.00750162546
2086165.9251742589
3176111274.109002
2102675.953902675
870912.5718092504
113381041.16598953
1350853.2083709727
34227.63906047682
986969.3680287814
22426.686907214444
1570539.4359995944
59131.01889400343
481227.8034816101
74373116.26124258
525798.6388734161
453037.3562446069
15329024.585164089
14114407.999999998
277348.0
16424552.0
34773.0
1580369.0
79851.0
14114407.999999996
3217900676.9999995
16424551.999999993
1580369.0
3217900676.999999
132484.3044374078
278233.0064387135
2803264.5094250543
730562.1076860342
9101.21398277974
200165.94649660165
105487.04347073028
185142.58339556018
54552.70243497562
1442192.6811104717
278233.0064387135
2760016.400293122
728143.9023191181
5684969.77037793
1374370.7046267428
14931905.59373125
185142.58339556018
54552.70243497562
1296705.165472887
1074752.049352526
5684969.77037793
1374370.7046267428
14888517.896360405
28179745.432341963
1074752.049352526
28179745.432341963
155293.9131089482
297390.2892275243
3559870.3614728553
915193.5528455285
9376.780121657685
185575.39958011563
56610.140098369484
199953.6596698249
68327.11317617021
1337384.3386672395
289761.464591593
3275990.7497134022
680901.8321165385
6099498.9685763065
1649519.0781350345
18560620.9952061
192859.14731373437
41633.82468141135
900419.9112607879
1292005.806426919
5972757.2566826325
1213977.2596344757
14840425.046404423
33175556.091530435
886539.4845484965
26157899.204163678
171281.9541085774
337309.0
3562788.0
914934.9053242145
11075.238073059545
302776.26657114923
174307.58873370875
225896.0
73849.0
1442192.6811104717
337047.7169291716
3560926.9460847992
889637.0016877952
6903381.0
1793001.9999999998
18727602.14791793
225497.8789137445
67001.29152620528
1374674.4003639799
1416612.0
6899112.36788411
1726743.5166045984
18319537.698974423
36212562.0
1311846.0377190115
35122793.57017069
171399.0
263554.4222509802
3561451.4511191826
77186.93158798752
10185.999999999996
298004.2440106416
200325.74796827405
263554.4222509802
3561451.4511191826
1637930.979698203
5373033.64773345
240743.4759390336
6993356.115530041
200325.74796827405
5373033.64773345
240743.4759390336
6993356.115530041
5015881.16574225
5015881.16574225
410951.9049996921
22391066.239796855
69519.84226573212
4086.1193220783593
3879467.069729491
69498.35019153351
40038.93383373679
524022.0944490662
178907.82769522083
1000.2277502829146
668869309.1316844
4364656.698675679
281289.55098848394
215846310.5015695
2591658.6873942893
37931.014419248735
28782559.212539356
2271170.209584806
65959.088010922
148399.79385386204
7406449076.622945
124915847.03583276
3290548.99142048
19219196.945219852
16739355.084139155
1320459313.0714388
3958025.6485137003
58592840.293078095
585718.9782434986
66284.91353764283
2205464.104417053
62230.563717948535
34726.556874698515
187252.1453100431
50527.675965201175
691.8185440295958
1255101605.136535
26651384.522889383
1376380.6563081718
560229229.1791403
1852424.2869089688
70694.47310742564
15453902.716857059
757574.2437545758
26542.29497709398
36215.064307285415
12633687414.420801
83154945.6357603
4333627.780880391
6259673.383644691
2323904.3927982883
490892046.0767719
263651356.0
17520843.075970855
620708.0285118205
86298.69123050373
15791703.544047218
529227.442858058
142230.33583271893
59274.19329651816
68561.60237763963
910.8420031589925
77766353014.48918
2766244446.4235945
4853109.112788812
145445474.3926751
2374671.0729732
142102.0139943615
126487452.61807433
1512752.1781833805
84937.5234594688
31238.61437683353
902337677555.3152
212660988.72250426
28700178.333994284
6656358.969298443
4272611.883441184
1611565861.7732644
1395542.3987895169
163395265.5867478
12127823.0
33217.171369748175
1086653.5804837928
348900.2861084746
7923.5235958383255
16148193.263023531
30463.990178066873
45495.00276291993
959577817.5964673
108240587.19999091
241308.9238694448
47949183145.2303
352188.5735411672
583517.0422242631
117264512.53865701
100579.64288290175
143793.26020494476
256568.19706487795
206617275787.05698
6579324.531594371
5269141.896631421
7719013.696498778
2303095.031327566
188083567.99862695
87538.98297817189
167717481.0
12127823.0
132712.0
62742.84970024548
22852.265019006412
845.1435398569616
16424552.0
277348.0
79851.0
44029341.829664156
5602142.4686008645
87538.98297817189
49446376505.99999
167717481.0
12127823.0
5543677.974132773
62742.84970024548
22852.265019006412
16424552.0
7436748357.366492
44029341.829664156
5602142.4686008645
49446376505.99999
5543677.974132773
7436748357.366492
1445195.106762256
256734197.4799574
17562818.610700723
94547.98133537905
1067340.2174878807
348448.62521320226
11643.628209014503
16424552.0
163046.0793673782
72952.17948914909
1148333079.0981188
117960593.01067303
1001737.2037847121
78212250835.7197
9900160.051387059
3085780.915093129
111229815.88062054
563700.3438850048
301039.28259110905
2189577.6550727016
261370796754.17914
184028065.04133356
47595525.77784755
643928772.6450397
29233056.033417687
13066297014.131985
228338.06219177044
169542.5805625848
7241.101818272686
39195.195760627
981457.2831017699
79851.0
200846.7063033565
91016.84573174609
2712047.849300453
7403.431925813144
954038.9789687977
981457.2831017699
203156.3706547936
203156.3706547936
2712047.849300453
954038.9789687977
4036530.468590619
596.0000000000003
89895.23949291355
3666948.1113489815
4566083.241302358
34773.0
78519.0
1573433.0
26554.065327932443
1719915.588584003
1373469.8574904725
3666948.1113489806
4566083.241302356
607985633.694109
1573432.9999999998
1719915.588584003
1373469.8574904718
160623660.69289932
607985633.6941087
160623660.69289932
171235.0
257576.6248854843
946691.0
7599.10849390898
266499.0
4499820.019492282
88254.86483167172
323741.81957942474
77832.24632086557
215848.03931568284
759202.0
4753731.5961487
213289.0
6055497.738328619
75213.81296116918
4753558.602467124
7728.112952562622
3890466.4225440486
294378.0
4499820.019492282
1898752.8097978167
218309.17010286442
218309.17010286442
781631.0
781631.0
4753731.5961487
78986.95415186856
78986.95415186856
4753558.602467124
3890466.4225440486
1971397.9058145562
1971397.9058145562
218309.17010286442
781631.0
78986.95415186856
1971397.9058145562
132024.66914543154
251451.05225561454
2803264.5094250543
730756.5162850433
12014830.426193755
132712.0
9307.570837571819
198166.01374170385
83474.2669877151
191398.47952897556
303951.3896925965
1447454.139429339
78118.70656088581
245607.83892093448
2752210.4243470677
690153.0890866308
19335142.433357995
370246.35414469935
5133923.808231485
5539370.206638653
253819.95268410794
253819.95268410794
14933655.271122333
19613931.851054773
7342774.742306792
19510080.52505353
8624858.077594144
12014830.426193755
184926.35228578403
198084.29398156592
1185929.713113212
5063710.507903891
5035772.98297514
4279577.217590703
247686.64491235887
247686.64491235887
14272535.455013594
19613852.25554863
6038434.307009303
2331150.43982866
2331150.43982866
19335142.433357995
99245991.1216587
5163402.420594545
5163402.420594545
5765303.656111741
5765303.656111741
253819.95268410794
40046363.0
38034494.74230679
19613931.851054773
19510080.52505353
3399858.8970651804
77843923.21205655
5060468.165121541
5060468.165121541
4397743.781365311
4397743.781365311
247686.64491235887
33391610.7714623
33391610.7714623
19613852.25554863
19509080.164127223
102403725.32620586
102403725.32620586
5163402.420594545
5765303.656111741
40046363.0
79217037.83917832
79217037.83917832
5060468.165121541
4397743.781365311
33391610.7714623
102403725.32620586
79217037.83917832
173705.83691759512
264254.15197183256
3620673.0
946691.0
17957811.0
171470.0
9277.21439018105
302386.92197910417
307761.4643288144
200328.23200344955
322302.2730554344
1447470.0
79851.0
247638.59047659612
3611269.914389586
863785.3328926085
19669719.702570852
1917179.4295129434
5382532.775372613
6066076.071957069
265255.2556232148
265255.2556232148
19262636.0
19922139.0
7492183.444335744
19822269.944317732
8732289.691351986
17957811.0
186068.23081480255
149677.5603574514
1331819.126379939
5376550.481578537
5100473.292058544
3183394.6941736056
248669.1628341495
248669.1628341495
17917703.380747613
19922139.0
7477673.047201302
8993841.779900413
8366030.471252398
19669719.702570852
108230064.77652158
5394705.5239358535
5394705.5239358535
6110707.296048014
6110707.296048014
265255.2556232148
40046363.0
38183903.444335744
19922139.0
19822269.944317732
2620141.183011348
58333261.72089719
5112911.258977325
5112911.258977325
3240609.0557996137
3240609.0557996137
248669.1628341495
38029670.65482185
36167211.099157594
19922139.0
19813447.429716095
108793440.07878518
108793440.07878518
5394705.5239358535
6110707.296048014
40046363.0
59009885.26097636
59009885.26097636
5112911.258977325
3240609.0557996137
38029670.65482185
108793440.07878518
59009885.26097636
132599.05290955945
277227.92131489416
2756620.8809533296
705831.3478479292
11962012.508479482
130549.87301537956
10806.074905336183
298132.0
199981.3363832705
212578.01998091326
338824.073223793
1387797.1799698796
79851.0
277227.92131489416
2756620.8809533296
705831.3478479292
19625735.382808015
976180.0304155012
5673918.744932784
5878955.530473281
281862.0047553294
281862.0047553294
14470552.64119466
19907072.308322765
7222847.57207145
19805565.048099007
8700647.054623112
11962012.508479482
212578.01998091326
338824.073223793
1387797.1799698796
5640572.703661164
5673918.744932784
5878955.530473281
281862.0047553294
281862.0047553294
14470552.64119466
19907072.308322765
7222847.57207145
5581345.865853136
5238614.448794352
19625735.382808015
106254878.17062972
5733078.574194326
5733078.574194326
6425281.411817149
6425281.411817149
281862.0047553294
38723898.0
36739669.57207145
19907072.308322765
19805565.048099007
5640572.703661164
106254878.17062972
5733078.574194326
5733078.574194326
6425281.411817149
6425281.411817149
281862.0047553294
38723898.0
36739669.57207145
19907072.308322765
19805565.048099007
114059084.21422544
114059084.21422544
5733078.574194326
6425281.411817149
38723898.0
114059084.21422544
114059084.21422544
5733078.574194326
6425281.411817149
38723898.0
114059084.21422544
114059084.21422544
160881.35853060134
263554.4222509802
3562788.0
914934.318980868
16973338.240330275
168728.0
10183.515458932117
200042.8461217382
99639.8101170712
200328.23200344955
321451.9993164329
1442147.141777229
75934.1176165118
263546.9686277766
3373477.2827555174
904159.1105202199
18668550.087258764
384658.60093406565
5373041.099838976
5916894.605420437
265255.2556232148
265255.2556232148
18727596.870827813
18901047.3384418
7482833.946895281
18806549.875649236
6970195.313293271
16973338.240330275
200305.8711338386
320606.16299930844
1291067.2760206133
5368898.017927524
5372974.017230144
5914357.096469063
265255.2556232148
265255.2556232148
18535968.050662085
18901047.3384418
6087157.897258146
2659620.8343602354
2659620.8343602354
18668550.087258764
105969713.06045449
5394705.5239358535
5394705.5239358535
6110707.296048014
6110707.296048014
265255.2556232148
40000924.84834625
38129115.795241535
18901047.3384418
18806549.875649236
5361285.4910734035
105946875.47989213
5394705.5239358535
5394705.5239358535
6110707.296048014
6110707.296048014
265255.2556232148
35313884.00197089
35313884.00197089
18901047.3384418
18806549.875649236
108793440.07878518
108793440.07878518
5394705.5239358535
6110707.296048014
40000924.84834625
108793440.07878518
108793440.07878518
5394705.5239358535
6110707.296048014
35313884.00197089
108793440.07878518
108793440.07878518
174305.0
3620673.0
946691.0
303187.0
202407.18540571668
1048643.026060327
39008.20095407752
1447470.0
69497.93333333333
3620673.0
946691.0
2707464.148694566
59002.31636353261
19262636.0
1447470.0
2279218.0364943887
42519.91469942047
365230.0666219793
294247.41747938446
754374.9969389457
19262636.0
4793298.0
3602898.0
820093.0
820093.0
1115465.9730213853
2979288.1425379687
1281681.0
1042198.9890426509
218952.60359071114
17394785.0
17394785.0
1155991.2666666666
820093.0
1152094.0366323814
17394785.0
174304.9403811948
323173.1921083938
2142506.790834292
946687.7266566264
10614.076897920266
69426.95860139836
198764.82303036418
41385.821993059544
213230.92406735267
68407.29564180877
329745.78893393907
323173.1921083938
2142506.666638487
946662.3344777487
89873.17819612318
6564297.878609231
1690976.530118479
9138589.47896956
213230.92406735267
68407.29564180877
25597.810462558664
329728.15690164577
61128.16830008835
294103.687513871
1144002.0986669466
6564297.878609231
1690976.530118479
320325.94360515696
9138536.582872678
2135446.3708401667
820093.0
31404994.267896555
1144002.0986669466
211932.87084669137
51897.41723176858
292844.8655594016
31404994.267896555
6537629.0681315735
1420595.922974716
8465544.953835867
1020322.1051143908
29074511.304213975
171398.9403811948
321321.5305286275
3557951.161809574
915194.0
10592.373963521639
289217.1904462246
326791.5520084371
88631.72094522085
215654.62033463543
72027.60156187566
1280364.5460048406
321321.5305286275
3557950.923334353
915168.5427701818
213289.0
6585871.153520469
1742731.5536354939
18462080.287554428
215654.62033463543
72027.60156187566
184176.37786301033
1280330.6030317498
213289.0
317135.0
1349127.186978389
6585871.153520469
1742731.5536354939
320146.5305286335
18461978.45863516
3551375.251533554
850252.0
34981200.40745886
1349127.186978389
214583.54978251155
59758.601561915326
1223385.0475402505
34981200.40745886
6565022.142784528
1562038.5536361681
17448681.904901113
1176729.5581503639
31929709.323167656
